pin_code,Total Schools,Total Public Schools,Total Private Schools
241001,2016,1471,545
244001,1587,824,763
247001,1370,547,823
207001,1226,536,690
262001,1216,899,317
283203,1205,531,674
244901,1188,617,571
486001,1140,522,618
250001,1138,381,757
452001,1104,136,968
202001,1083,476,607
476001,1059,522,537
231001,1023,619,404
244221,994,599,395
233001,979,418,561
491995,944,837,107
209801,917,560,357
205001,903,430,473
451666,884,816,68
242001,857,510,347
327001,850,699,151
494226,837,796,41
793119,830,640,190
271801,818,587,231
274304,805,572,233
454001,803,532,271
457661,781,722,59
497001,778,629,149
486886,768,570,198
281001,764,266,498
243001,745,376,369
262701,730,469,261
274001,718,375,343
486661,708,532,176
272175,695,401,294
793114,694,525,169
794103,693,630,63
783348,690,493,197
497223,687,638,49
282001,682,233,449
212601,683,290,393
261302,677,432,245
815353,676,614,62
793150,675,547,128
341001,675,470,205
783129,672,465,207
284403,672,434,238
244921,669,426,243
208001,666,349,317
486669,658,589,69
421302,656,462,194
494661,655,641,14
251001,652,236,416
201001,651,138,513
488001,651,473,178
457990,646,614,32
243601,643,410,233
787055,640,488,152
301001,638,220,418
209625,631,274,357
794002,627,550,77
431001,626,323,303
855101,619,563,56
793120,618,490,128
304001,615,384,231
493558,612,541,71
484881,608,585,23
454446,607,531,76
455001,606,260,346
243201,596,385,211
457001,592,388,204
483501,583,396,187
794104,583,411,172
497101,583,538,45
204101,583,286,297
855107,579,486,93
343041,578,452,126
201102,576,152,424
262802,575,428,147
272153,573,492,81
231216,572,406,166
334001,571,228,343
473001,569,347,222
121004,568,184,384
451441,565,532,33
474001,561,225,336
302012,560,102,458
491559,556,502,54
472001,554,380,174
496001,553,430,123
497225,552,514,38
484001,550,471,79
231211,549,432,117
493773,545,454,91
783330,540,319,221
497118,537,497,40
462001,537,304,233
242401,535,415,120
345001,534,392,142
276001,532,232,300
191111,529,434,95
486670,527,409,118
473551,526,362,164
431203,526,336,190
132103,525,151,374
210205,524,381,143
457888,521,505,16
342001,521,195,326
285001,521,184,337
475661,520,368,152
344001,518,404,114
182203,518,448,70
121102,518,262,256
815312,517,456,61
460330,516,502,14
476337,514,400,114
495445,513,474,39
261403,512,404,108
261301,511,414,97
230001,511,197,314
783337,509,329,180
491441,509,397,112
185121,509,438,71
203001,507,239,268
825401,505,375,130
473331,505,361,144
822113,503,473,30
476224,503,405,98
312605,501,413,88
344704,500,465,35
477001,498,226,272
210001,494,318,176
206242,494,276,218
204215,493,303,190
431122,492,430,62
457777,491,444,47
261201,491,274,217
845438,490,340,150
248001,488,167,321
243638,488,388,100
828109,486,429,57
495119,486,449,37
485001,486,180,306
262122,486,318,168
271604,485,360,125
193224,483,412,71
783384,481,358,123
484771,481,438,43
327801,481,418,63
242221,481,320,161
451332,479,448,31
224001,477,161,316
833201,477,453,24
476221,477,386,91
274401,477,349,128
344702,476,439,37
494442,471,458,13
209206,470,326,144
207123,467,245,222
225001,465,249,216
497333,464,425,39
495334,462,380,82
484774,462,381,81
464001,462,300,162
494001,461,391,70
794105,459,394,65
344033,458,420,38
185211,458,398,60
783334,457,339,118
495115,457,374,83
782446,454,368,86
244302,454,283,171
182204,454,377,77
788155,453,232,221
244713,453,250,203
497220,451,417,34
454331,451,393,58
385535,451,364,87
271201,451,233,218
193222,451,372,79
484661,450,350,100
321001,449,128,321
793126,449,382,67
787057,449,391,58
247667,449,214,235
394210,448,104,344
464228,447,383,64
831002,446,358,88
474006,445,217,228
246701,445,261,184
451447,444,408,36
491335,442,392,50
261135,442,235,207
495449,441,413,28
192303,440,333,107
480224,439,424,15
822125,438,412,26
244922,438,296,142
209728,438,280,158
192231,437,338,99
794111,436,386,50
480661,436,325,111
311001,435,82,353
228001,435,244,191
482002,433,208,225
481661,433,389,44
480559,433,423,10
246725,432,260,172
209721,432,236,196
833102,431,378,53
272192,431,370,61
486882,428,378,50
464221,426,332,94
261131,426,256,170
245101,426,232,194
854315,425,380,45
246762,425,216,209
487001,423,328,95
471001,423,153,270
222001,422,196,226
313001,421,172,249
261505,421,337,84
277001,419,233,186
271865,418,345,73
244501,418,247,171
854311,417,297,120
451001,417,283,134
794005,416,387,29
244701,416,306,110
210427,414,207,207
794109,413,345,68
193502,413,358,55
263139,412,182,230
246763,412,238,174
491001,410,263,147
247776,410,156,254
207302,410,283,127
450331,408,320,88
274402,408,304,104
495668,407,299,108
480997,407,386,21
496113,405,381,24
206001,405,103,302
185101,405,341,64
450001,404,246,158
476111,403,278,125
182205,403,366,37
451551,402,334,68
827013,401,227,174
470775,401,330,71
282006,401,139,262
794110,400,366,34
854301,399,254,145
247663,398,250,148
854317,397,375,22
793200,397,342,55
493551,396,360,36
492001,396,160,236
262804,396,305,91
261001,396,72,324
484224,395,349,46
209202,395,301,94
494010,394,389,5
455227,392,326,66
284204,392,271,121
781127,391,282,109
822114,390,308,82
460220,390,353,37
458441,390,231,159
457779,390,357,33
783370,389,248,141
206122,389,186,203
476115,388,326,62
470661,388,272,116
782123,387,292,95
480551,387,358,29
207242,387,251,136
835227,386,354,32
461111,386,290,96
585104,385,133,252
182202,385,321,64
485881,384,314,70
461331,384,276,108
454449,384,306,78
185233,384,362,22
797112,383,219,164
494111,382,374,8
335804,381,234,147
825412,380,286,94
493445,380,316,64
465661,380,321,59
125001,378,168,210
854318,377,293,84
793102,377,314,63
464551,377,309,68
244401,376,227,149
212217,376,179,197
481880,375,340,35
466116,375,221,154
261121,375,285,90
495674,374,353,21
283111,374,313,61
244222,373,265,108
470002,372,158,214
825408,370,318,52
782441,370,319,51
494115,370,366,4
494665,369,363,6
210209,369,307,62
207247,369,252,117
413512,368,219,149
334803,368,223,145
814146,367,341,26
793015,367,290,77
193121,366,297,69
815351,365,332,33
247554,365,230,135
494230,364,355,9
410206,363,270,93
224149,363,181,182
793110,362,285,77
421601,362,324,38
327602,362,308,54
413304,361,295,66
335524,361,202,159
209502,361,251,110
787060,360,284,76
473443,360,302,58
421301,360,248,112
306401,360,138,222
811311,359,269,90
783390,359,275,84
496118,359,314,45
457889,359,347,12
243503,359,268,91
185131,359,269,90
835225,358,331,27
451661,358,349,9
342301,358,264,94
271831,358,280,78
788163,357,193,164
491888,357,326,31
335001,356,119,237
244304,357,243,114
241124,357,233,124
793151,356,292,64
481995,356,346,10
232101,356,175,181
231208,356,312,44
182122,356,318,38
803101,355,186,169
497111,355,315,40
473995,354,318,36
477116,353,285,68
305901,353,175,178
833214,352,335,17
493778,352,331,21
389151,352,302,50
193201,352,263,89
845401,351,234,117
495001,351,156,195
476229,351,317,34
787052,350,280,70
494224,350,333,17
486881,350,296,54
229001,350,170,180
854333,349,319,30
825301,349,149,200
425412,349,308,41
246761,349,204,145
788150,348,195,153
495689,348,294,54
413517,348,283,65
274702,348,237,111
224122,348,141,207
497231,347,314,33
481990,347,331,16
454221,347,328,19
307025,347,339,8
274302,347,274,73
271835,347,258,89
584128,346,200,146
272189,346,287,59
233226,346,138,208
389230,345,307,38
327027,345,300,45
325216,345,289,56
783335,344,254,90
203131,344,161,183
182144,344,297,47
122001,344,95,249
796701,343,227,116
465441,343,240,103
193411,343,299,44
822126,342,310,32
466001,341,176,165
328001,341,132,209
305001,341,96,245
822123,340,316,24
822118,340,311,29
781308,340,247,93
425414,339,326,13
244411,339,243,96
205262,339,162,177
835302,338,219,119
794115,338,297,41
493449,338,304,34
473105,338,299,39
271840,338,287,51
271504,338,224,114
496445,337,291,46
497778,336,312,24
470880,336,291,45
303303,336,129,207
283204,336,200,136
835216,335,300,35
481778,335,315,20
455118,335,205,130
431715,335,305,30
273303,335,224,111
852201,334,142,192
783360,334,237,97
457882,334,311,23
456006,334,219,115
343040,334,259,75
192201,334,267,67
453001,333,235,98
273209,333,241,92
244601,333,200,133
203207,333,155,178
193302,333,287,46
497116,332,307,25
457993,332,309,23
450117,332,310,22
244241,332,224,108
182313,332,322,10
494334,331,296,35
473287,331,288,43
261401,331,231,100
825409,330,190,140
344032,330,298,32
192202,330,284,46
465679,329,273,56
201301,329,82,247
825103,328,293,35
563101,328,215,113
431401,328,181,147
285123,328,234,94
243505,328,215,113
824232,327,292,35
814133,327,275,52
781136,327,247,80
784145,326,276,50
495117,326,281,45
460001,326,242,84
451770,326,299,27
325217,326,298,28
193221,326,263,63
815352,325,298,27
493889,325,311,14
241303,325,192,133
210121,325,276,49
465001,324,204,120
230201,324,162,162
206245,324,211,113
845455,323,260,63
793106,323,272,51
222302,323,200,123
494228,322,312,10
242301,322,239,83
795128,321,236,85
272002,321,198,123
203205,321,175,146
123401,321,182,139
815314,320,270,50
796891,320,223,97
781315,320,227,93
225305,320,249,71
781354,319,260,59
484334,319,280,39
332001,319,84,235
274305,319,238,81
822110,318,276,42
193101,318,262,56
322201,317,156,161
782448,316,273,43
497117,316,303,13
274204,316,240,76
132001,316,132,184
794102,315,288,27
497449,315,296,19
271001,315,192,123
852131,314,254,60
314001,314,225,89
284405,314,221,93
271903,314,281,33
241123,314,233,81
825404,313,291,22
442001,313,234,79
327031,313,267,46
209821,313,243,70
191113,313,250,63
136027,313,171,142
782124,312,248,64
209306,312,242,70
835214,311,229,82
781319,311,229,82
212306,311,202,109
123001,311,210,101
491229,310,298,12
262308,310,190,120
193223,310,257,53
455336,309,239,70
415523,309,285,24
331001,309,147,162
496220,308,271,37
480001,308,173,135
475110,308,194,114
206301,307,227,80
466331,306,245,61
261303,306,200,106
261205,306,200,106
788161,305,178,127
783393,305,247,58
275203,305,115,190
331403,304,150,154
493996,303,287,16
389380,303,282,21
829202,302,258,44
822122,302,280,22
793108,302,231,71
585401,302,143,159
563125,302,229,73
491665,302,281,21
401606,302,269,33
401603,302,292,10
224190,302,188,114
493118,301,258,43
322241,301,177,124
841226,300,179,121
813208,300,280,20
783339,300,228,72
783135,300,199,101
783101,300,237,63
494441,300,290,10
457555,300,289,11
313027,300,254,46
243635,300,226,74
497224,299,282,17
493661,299,253,46
451449,299,278,21
230135,299,163,136
486331,298,219,79
231213,298,248,50
207243,298,200,98
431509,297,263,34
244235,297,169,128
497229,296,248,48
431513,296,218,78
423203,296,234,62
422211,296,288,8
205265,296,177,119
585310,295,184,111
486335,295,216,79
457775,295,276,19
431114,295,230,65
402107,295,267,28
247121,295,193,102
496116,294,279,15
457887,294,268,26
441209,294,277,17
322230,294,148,146
191202,294,258,36
816102,293,264,29
461223,293,233,60
275101,293,121,172
250401,293,194,99
221712,293,236,57
192124,293,227,66
816107,292,226,66
814153,292,263,29
785104,292,232,60
781316,292,200,92
496661,292,258,34
335523,292,153,139
212106,292,206,86
210431,292,158,134
804453,291,250,41
781318,291,229,62
341303,291,178,113
222161,291,171,120
843302,290,207,83
495118,290,264,26
493663,290,242,48
493225,290,252,38
481996,290,278,12
274509,290,194,96
785614,289,232,57
496336,289,273,16
400612,289,87,202
271845,289,226,63
222125,289,130,159
221503,289,160,129
495551,288,236,52
454552,288,235,53
244231,288,158,130
221001,287,140,147
192123,288,246,42
815316,287,232,55
401209,287,27,260
323001,287,143,144
304502,287,201,86
206244,287,140,147
473660,286,234,52
471525,286,260,26
421303,286,269,17
835211,285,258,27
491771,285,259,26
410201,285,258,27
275204,285,109,176
813106,284,258,26
273164,284,211,73
497335,283,247,36
453441,283,149,134
307026,283,245,38
276201,283,153,130
273212,283,208,75
271855,283,235,48
261151,283,229,54
481051,282,262,20
473222,282,224,58
464114,282,244,38
343029,282,179,103
331023,282,148,134
121001,282,52,230
811303,281,265,16
385565,281,234,47
325220,281,208,73
283125,281,176,105
271902,281,227,54
210429,281,227,54
206123,280,185,95
131001,280,99,181
835204,279,227,52
464881,279,242,37
341503,279,189,90
276403,279,169,110
202133,279,122,157
825108,278,260,18
787059,278,230,48
385001,278,166,112
222136,278,157,121
221716,278,124,154
206253,278,181,97
192233,278,226,52
122508,278,226,52
855113,277,254,23
460440,277,261,16
853204,276,244,32
495224,276,247,29
494347,276,267,9
491881,276,247,29
344022,276,176,100
334305,276,235,41
327601,276,238,38
230204,276,163,113
825322,275,185,90
561203,275,210,65
494222,275,256,19
325205,275,143,132
273165,275,179,96
221304,275,160,115
192301,275,212,63
811213,274,251,23
787058,274,235,39
396230,274,239,35
389210,274,258,16
342306,274,179,95
212301,274,195,79
212402,273,177,96
212216,273,177,96
125055,273,166,107
473101,272,215,57
454660,272,237,35
445001,272,189,83
344034,272,247,25
326037,272,232,40
185132,272,221,51
793121,270,207,63
483110,270,250,20
465669,270,197,73
212657,270,190,80
210507,270,191,79
841428,269,194,75
816104,269,250,19
497119,269,248,21
491445,269,230,39
285205,269,183,86
274404,269,183,86
793160,268,229,39
562159,268,202,66
444101,268,216,52
302002,268,90,178
787032,267,217,50
781352,267,213,54
495671,267,213,54
488333,267,211,56
344706,267,246,21
313331,267,202,65
246733,267,188,79
182201,267,225,42
793105,266,201,65
496223,266,245,21
487118,266,226,40
261141,266,181,85
243639,266,172,94
231304,266,204,62
832401,265,232,33
781102,265,200,65
457114,265,198,67
451115,265,218,47
271206,265,212,53
261206,265,203,62
210129,265,219,46
209727,265,142,123
193501,265,211,54
854334,264,218,46
835223,264,213,51
787053,264,215,49
785601,264,179,85
783128,264,140,124
781314,264,198,66
497331,264,231,33
485775,264,204,60
327023,264,211,53
303503,264,180,84
247451,264,140,124
224129,264,125,139
805110,263,139,124
413501,263,189,74
325221,263,212,51
458002,262,192,70
209871,262,189,73
201206,261,143,118
841438,261,206,55
811105,261,204,57
492112,261,247,14
475220,261,208,53
457550,261,237,24
233227,261,137,124
804452,260,210,50
486223,260,214,46
481879,260,254,6
451660,260,234,26
421401,260,234,26
313604,260,239,21
244924,260,183,77
423301,259,221,38
383350,259,244,15
271302,259,188,71
244715,259,167,92
232103,259,203,56
208021,259,50,209
497442,258,225,33
495330,258,223,35
494669,258,245,13
458880,258,180,78
431512,258,203,55
344701,258,229,29
302029,258,58,200
272207,258,182,76
185151,258,226,32
184121,258,208,50
825311,257,184,73
816101,257,228,29
813102,257,219,38
496551,257,242,15
496224,257,228,29
466115,257,187,70
465674,257,182,75
431123,257,239,18
385310,257,202,55
321203,257,129,128
262201,257,174,83
221404,257,167,90
784525,256,203,53
491227,256,229,27
477557,256,192,64
451331,256,211,45
284003,256,47,209
247341,256,150,106
209724,256,178,78
823003,255,170,85
783349,255,187,68
782411,255,232,23
782105,255,218,37
314030,255,228,27
313803,255,212,43
274802,255,198,57
262121,255,191,64
182145,255,227,28
783120,254,232,22
585327,254,113,141
473335,254,226,28
244925,254,178,76
244413,254,178,76
491226,253,220,33
482001,253,111,142
473446,253,221,32
454111,253,196,57
331803,253,113,140
271403,253,161,92
791118,252,225,27
783331,252,187,65
585102,252,103,149
431514,252,197,55
242307,252,169,83
242042,252,179,73
127021,252,103,149
824201,251,203,48
791122,251,225,26
782121,251,220,31
497339,251,218,33
431517,251,196,55
424304,251,233,18
312604,251,212,39
301411,251,160,91
272001,251,148,103
811308,250,223,27
488220,250,209,41
482003,250,180,70
461228,250,184,66
444505,250,189,61
341508,250,146,104
227405,250,158,92
854329,249,207,42
481672,249,239,10
342027,249,152,97
301402,249,142,107
281306,249,145,104
231210,249,188,61
182315,249,238,11
816106,248,224,24
781126,248,164,84
385330,248,208,40
313324,248,160,88
272205,248,203,45
243641,248,209,39
173001,248,214,34
845437,247,208,39
341510,247,141,106
335707,247,172,75
233304,247,130,117
229402,247,197,50
126102,247,120,127
854105,246,122,124
814101,246,174,72
799102,246,217,29
788724,246,189,57
480667,246,197,49
328021,246,158,88
135001,246,118,128
788819,245,227,18
573211,245,223,22
493338,245,218,27
485446,245,180,65
485226,245,200,45
431103,245,211,34
412206,245,238,7
401602,245,231,14
305801,245,88,157
261204,245,199,46
222143,245,114,131
205121,245,184,61
124001,245,71,174
822124,244,202,42
814150,244,224,20
801302,244,185,59
493890,244,234,10
445204,244,216,28
273155,244,170,74
782126,243,214,29
496225,243,226,17
391150,243,233,10
284002,243,66,177
207301,243,147,96
835210,242,194,48
821109,242,208,34
494223,242,235,7
485331,242,201,41
282010,242,58,184
227409,242,183,59
814103,241,228,13
790102,241,221,20
481666,241,235,6
476332,241,223,18
847408,240,216,24
825418,240,171,69
803110,240,203,37
783372,240,196,44
496331,240,212,28
484110,240,211,29
481105,240,231,9
391165,240,225,15
284126,240,204,36
274407,240,190,50
244412,240,135,105
241402,240,167,73
210208,240,208,32
843329,239,214,25
813101,239,211,28
488442,239,207,32
461001,239,97,142
855115,238,229,9
852128,238,187,51
801303,238,200,38
793115,238,189,49
784509,238,215,23
783126,238,209,29
782127,238,219,19
495690,238,209,29
494450,238,233,5
491228,238,217,21
484770,238,223,15
480221,238,208,30
470226,238,204,34
465447,238,155,83
425405,238,215,23
273402,238,179,59
244402,238,154,84
244102,238,180,58
225301,238,161,77
212107,238,155,83
185102,238,220,18
852113,237,148,89
816109,237,189,48
476355,237,224,13
470227,237,191,46
465337,237,139,98
444303,237,179,58
442908,237,205,32
416404,237,215,22
331022,237,134,103
304021,237,159,78
247662,237,148,89
193225,237,221,16
465691,236,183,53
451228,236,187,49
424306,236,223,13
360003,236,63,173
344031,236,202,34
263148,236,149,87
261501,236,184,52
241204,236,159,77
193122,236,211,25
181102,236,139,97
822116,235,186,49
788164,235,138,97
491666,235,227,8
471515,235,200,35
451113,235,204,31
342303,235,179,56
312001,235,83,152
283110,235,148,87
244255,235,176,59
242226,235,181,54
194103,235,197,38
841426,234,187,47
825321,234,187,47
784507,234,176,58
581115,234,160,74
461441,234,199,35
441614,234,196,38
413606,234,200,34
370165,234,223,11
345021,234,175,59
333001,234,103,131
243633,234,160,74
222202,234,114,120
848114,233,205,28
845106,233,195,38
494776,233,208,25
480887,233,216,17
382721,233,124,109
342601,233,144,89
262523,233,203,30
251201,233,115,118
585302,232,153,79
226104,232,172,60
207403,232,149,83
825324,231,180,51
784168,231,167,64
471405,231,193,38
453551,231,145,86
451442,231,213,18
271207,231,186,45
221711,231,147,84
782480,230,187,43
481331,230,158,72
431542,230,201,29
414102,230,203,27
396065,230,221,9
322001,230,112,118
221401,230,99,131
813105,229,210,19
585403,229,122,107
483225,229,181,48
444001,229,155,74
303901,229,154,75
246722,229,131,98
242127,229,149,80
228161,229,142,87
854312,228,207,21
791102,228,194,34
784165,228,203,25
577522,228,184,44
560064,228,66,162
494552,228,228,0
470113,228,166,62
314022,228,206,22
271875,228,198,30
228131,228,149,79
222142,228,131,97
206131,228,202,26
121103,228,161,67
847203,227,207,20
845105,227,184,43
833104,227,212,15
825320,227,168,59
485771,227,176,51
431131,227,195,32
229404,227,146,81
212201,227,143,84
193401,227,188,39
134003,227,151,76
855117,226,213,13
795142,226,176,50
788830,226,210,16
480884,226,197,29
360311,226,123,103
261207,226,163,63
232104,226,145,81
223221,226,132,94
212207,226,151,75
125033,226,129,97
783127,225,120,105
491337,225,190,35
484669,225,221,4
481001,225,131,94
471201,225,141,84
342311,225,175,50
271208,225,182,43
844122,224,187,37
495442,224,189,35
480886,224,188,36
470001,224,108,116
363621,224,176,48
344502,224,214,10
312601,224,118,106
828201,223,178,45
782125,223,174,49
442606,223,216,7
413531,223,185,38
251309,223,108,115
249165,223,198,25
224141,223,128,95
222203,223,106,117
207246,223,137,86
122107,223,174,49
249155,222,178,44
212655,222,153,69
210202,222,195,27
851204,221,197,24
805130,221,182,39
783380,221,180,41
562117,221,187,34
470335,221,183,38
431112,221,169,52
344035,221,204,17
274203,221,168,53
272206,221,184,37
272131,221,135,86
835207,220,151,69
814151,220,206,14
804451,220,202,18
486771,220,168,52
226003,220,64,156
221007,220,68,152
193123,220,204,16
852219,219,207,12
821108,219,197,22
815317,219,196,23
562123,219,163,56
493554,219,199,20
477660,219,181,38
414502,219,189,30
277303,219,154,65
271312,219,159,60
854330,218,195,23
495113,218,198,20
493992,218,194,24
486226,218,181,37
480111,218,197,21
473775,218,190,28
451556,218,192,26
431127,218,182,36
410505,218,182,36
360002,218,49,169
323024,218,153,65
303313,218,109,109
303301,218,134,84
273413,218,160,58
244712,218,151,67
225124,218,174,44
845454,217,168,49
824124,217,179,38
823001,217,110,107
495554,217,162,55
494670,217,205,12
452016,217,101,116
451335,217,182,35
361305,217,142,75
281403,217,99,118
276202,217,118,99
271871,217,163,54
843128,216,197,19
793116,216,155,61
262401,216,145,71
207249,216,141,75
192221,216,180,36
828205,215,182,33
782122,215,173,42
585103,215,80,135
495116,215,204,11
491993,215,198,17
443201,215,184,31
313701,215,191,24
249161,215,191,24
247342,215,114,101
246734,215,121,94
241126,215,124,91
206302,215,111,104
174101,215,161,54
496111,214,202,12
326023,214,158,56
273306,214,101,113
209722,214,90,124
821101,213,168,45
813104,213,191,22
495446,213,197,16
491331,213,185,28
313802,213,184,29
312023,213,175,38
303108,213,92,121
241503,213,162,51
231302,213,166,47
224204,213,121,92
224147,213,124,89
835201,212,197,15
811201,212,168,44
803201,212,176,36
784522,212,168,44
577201,212,109,103
561207,212,165,47
481662,212,205,7
454116,212,174,38
423106,212,195,17
262903,212,153,59
247661,212,122,90
205122,212,128,84
825406,211,144,67
583227,211,114,97
491661,211,195,16
413520,211,183,28
384265,211,149,62
311301,211,158,53
284205,211,159,52
273162,211,175,36
272301,211,155,56
246731,211,146,65
244242,211,142,69
231303,211,148,63
210125,211,196,15
205264,211,131,80
845453,210,176,34
828134,210,188,22
816117,210,188,22
795010,210,163,47
562101,210,143,67
493888,210,205,5
491336,210,181,29
483770,210,169,41
423701,210,180,30
385320,210,194,16
383315,210,168,42
311604,210,162,48
276137,210,129,81
247775,210,110,100
246746,210,120,90
242407,210,148,62
125051,210,166,44
563131,209,159,50
497226,209,167,42
491668,209,200,9
458775,209,150,59
457226,209,121,88
335051,209,146,63
331304,209,126,83
311404,209,155,54
271503,209,178,31
210206,209,174,35
125050,209,128,81
848209,208,181,27
824125,208,186,22
802301,208,107,101
802215,208,166,42
560091,208,59,149
493221,208,105,103
480888,208,200,8
341025,208,152,56
247232,208,101,107
241301,208,118,90
224181,208,111,97
206241,208,118,90
835103,207,153,54
832404,207,194,13
493891,207,199,8
460110,207,181,26
387620,207,189,18
334603,207,131,76
273158,207,147,60
221101,207,114,93
210120,207,181,26
845452,206,188,18
815313,206,185,21
787031,206,168,38
784164,206,163,43
782002,206,135,71
586104,206,130,76
416702,206,197,9
328022,206,127,79
243301,206,147,59
225126,206,176,30
222201,206,117,89
181201,206,159,47
841436,205,174,31
841301,205,119,86
813221,205,193,12
784176,205,166,39
782425,205,173,32
781321,205,162,43
586101,205,94,111
493441,205,175,30
461990,205,166,39
271122,205,160,45
251314,205,99,106
185201,205,193,12
835219,204,155,49
814156,204,191,13
811314,204,188,16
785692,204,187,17
785602,204,166,38
584111,204,153,51
497235,204,178,26
493228,204,180,24
481885,204,193,11
421503,204,117,87
401208,204,71,133
243302,204,135,69
210207,204,158,46
206252,204,118,86
182101,204,131,73
788152,203,119,84
782450,203,173,30
585328,203,127,76
496334,203,191,12
462010,203,74,129
455116,203,126,77
431605,203,145,58
416416,203,140,63
389180,203,183,20
389172,203,191,12
274408,203,132,71
242225,203,166,37
207241,203,126,77
205261,203,128,75
192232,203,152,51
122108,203,175,28
813205,202,179,23
781367,202,170,32
464884,202,177,25
444107,202,173,29
276305,202,157,45
274202,202,128,74
272152,202,163,39
241201,202,132,70
228145,202,121,81
855102,201,173,28
835102,201,168,33
834001,201,90,111
824211,201,148,53
586128,201,108,93
571105,201,157,44
456001,201,73,128
274149,201,137,64
249193,201,153,48
231226,201,168,33
209214,201,154,47
209115,201,155,46
182125,201,194,7
124507,201,74,127
783125,200,171,29
481115,200,158,42
454010,200,184,16
441106,200,176,24
400043,199,72,127
333026,200,109,91
272201,200,160,40
832104,199,166,33
788119,199,155,44
572137,199,164,35
465687,199,134,65
458883,199,162,37
313804,199,168,31
272208,199,141,58
233222,199,120,79
210505,199,130,69
207245,199,128,71
206243,199,125,74
171210,199,182,17
845449,198,156,42
824202,198,179,19
816108,198,160,38
811315,198,176,22
783324,198,149,49
782426,198,164,34
496554,198,175,23
491557,198,186,12
473885,198,176,22
464224,198,174,24
363641,198,114,84
342037,198,141,57
121002,198,38,160
848117,197,167,30
824101,197,147,50
814147,197,179,18
788801,197,122,75
788720,197,135,62
785631,197,170,27
783131,197,153,44
486666,197,177,20
464886,197,165,32
363520,197,165,32
328025,197,128,69
312901,197,156,41
301026,197,120,77
301024,197,121,76
274306,197,152,45
273304,197,127,70
271401,197,129,68
230129,197,120,77
229206,197,135,62
212206,197,114,83
182146,197,162,35
795141,196,177,19
787061,196,163,33
785105,196,136,60
783346,196,140,56
782460,196,137,59
495691,196,166,30
495559,196,168,28
274303,196,150,46
262202,196,135,61
206129,196,143,53
206121,196,118,78
192129,196,175,21
184201,196,166,30
803116,195,143,52
491558,195,183,12
480331,195,168,27
423401,195,164,31
385120,195,176,19
283104,195,140,55
271502,195,151,44
209204,195,143,52
854204,194,182,12
832101,194,172,22
814111,194,184,10
811307,194,148,46
811101,194,159,35
803107,194,163,31
796321,194,135,59
794106,194,174,20
788723,194,136,58
788701,194,113,81
396050,194,175,19
383001,194,121,73
311603,194,153,41
272163,194,129,65
243202,194,139,55
227813,194,136,58
212635,194,117,77
212303,194,110,84
173029,194,181,13
835206,193,186,7
822121,193,176,17
782482,193,152,41
782435,193,162,31
577527,193,170,23
494449,193,188,5
481882,193,184,9
472115,193,180,13
441902,193,173,20
441601,193,125,68
425413,193,178,15
395003,193,65,128
363310,193,148,45
343001,193,93,100
313301,193,122,71
313038,193,175,18
284202,193,146,47
281205,193,127,66
230304,193,101,92
126116,193,139,54
843324,192,177,15
832302,192,173,19
811317,192,173,19
782481,192,164,28
491340,192,175,17
473781,192,175,17
470666,192,130,62
456224,192,122,70
244301,192,107,85
229309,192,132,60
209825,192,159,33
842001,191,79,112
782140,191,161,30
495692,191,166,25
483119,191,153,38
481664,191,185,6
431708,191,166,25
389170,191,167,24
262524,191,164,27
231205,191,167,24
203393,191,136,55
847402,190,166,24
845101,190,147,43
585101,190,61,129
572129,190,172,18
472111,190,180,10
465333,190,96,94
464331,190,170,20
464111,190,154,36
445302,190,168,22
443001,190,137,53
335803,190,108,82
304505,190,129,61
275202,190,80,110
271602,190,129,61
212631,190,145,45
209111,190,138,52
854325,189,176,13
585326,189,145,44
577548,189,161,28
486445,189,152,37
473770,189,152,37
455332,189,146,43
450116,189,163,26
445304,189,163,26
444105,189,150,39
422605,189,168,21
314801,189,165,24
312619,189,161,28
301405,189,125,64
263601,189,134,55
262902,188,141,47
245304,189,121,68
243123,189,126,63
230132,189,102,87
209302,189,136,53
852122,188,152,36
784125,188,146,42
783350,188,136,52
781372,188,149,39
581110,188,136,52
562105,188,151,37
494114,188,184,4
477445,188,127,61
461661,188,158,30
431714,188,160,28
391160,188,174,14
389350,188,168,20
370001,188,125,63
311804,188,165,23
274301,188,117,71
262501,188,119,69
228159,188,136,52
209501,188,153,35
206303,188,94,94
136135,188,140,48
852139,187,159,28
784160,187,161,26
573201,187,95,92
491885,187,164,23
481222,187,163,24
472221,187,169,18
465550,187,123,64
456550,187,131,56
389001,187,136,51
360004,187,36,151
283201,187,143,44
275205,187,50,137
273407,187,139,48
271851,187,147,40
271825,187,154,33
241302,187,89,98
212652,187,120,67
209859,187,153,34
205135,187,111,76
845418,186,153,33
801503,186,104,82
801301,186,139,47
795001,186,86,100
786610,186,167,19
493559,186,163,23
473793,186,168,18
472336,186,160,26
465683,186,130,56
456771,186,117,69
431504,186,157,29
431005,186,110,76
422403,186,163,23
422208,186,183,3
342022,186,159,27
335704,186,120,66
335701,186,112,74
326038,186,143,43
273302,186,132,54
247551,186,95,91
229306,186,150,36
227809,186,121,65
221715,186,124,62
209739,186,146,40
835202,185,147,38
797111,185,144,41
785685,185,159,26
573116,185,144,41
470117,185,149,36
444503,185,159,26
444404,185,167,18
442704,185,183,2
431705,185,162,23
422103,185,144,41
274502,185,108,77
247774,185,97,88
191112,185,151,34
176314,185,168,17
824236,184,154,30
814120,184,179,5
812005,184,157,27
805125,184,157,27
788162,184,119,65
461775,184,134,50
442301,184,154,30
421306,184,84,100
416205,184,167,17
334023,184,137,47
326033,184,133,51
304024,184,138,46
262522,184,157,27
250611,184,116,68
852124,183,136,47
803213,183,140,43
801109,183,159,24
795149,183,153,30
784175,183,167,16
781309,183,146,37
591304,183,118,65
585202,183,113,70
485115,183,129,54
483773,183,141,42
465697,183,108,75
414202,183,173,10
391170,183,177,6
343022,183,130,53
283123,183,143,40
233302,183,71,112
209301,183,147,36
209101,183,130,53
208027,183,13,170
122105,183,143,40
799273,182,175,7
788931,182,167,15
785705,182,152,30
585223,182,93,89
481441,182,139,43
456443,182,107,75
415206,182,173,9
413203,182,153,29
401604,182,178,4
389260,182,168,14
313702,182,161,21
301408,182,96,86
301404,182,101,81
261136,182,152,30
246149,182,88,94
221104,182,111,71
221002,182,58,124
210201,182,133,49
173025,182,143,39
854202,181,156,25
847201,181,160,21
843119,181,158,23
801110,181,156,25
800001,181,78,103
791001,181,154,27
788806,181,105,76
782413,181,158,23
781317,181,144,37
563130,181,152,29
496450,181,158,23
491223,181,149,32
491111,181,147,34
481111,181,166,15
476339,181,161,20
456010,181,68,113
442605,181,154,27
431515,181,151,30
272165,181,120,61
244410,181,95,86
175011,181,153,28
852127,180,137,43
843111,180,151,29
843103,180,159,21
832301,180,159,21
815355,180,174,6
788722,180,112,68
781366,180,156,24
584101,180,76,104
493885,180,157,23
491332,180,156,24
488446,180,150,30
471313,180,156,24
460661,180,142,38
457770,180,165,15
431602,180,137,43
410205,180,177,3
389382,180,168,12
303328,180,104,76
284404,180,140,40
283114,180,147,33
281204,180,137,43
273151,180,119,61
233306,180,79,101
210126,180,159,21
206247,180,121,59
184204,180,160,20
852101,179,156,23
848101,179,114,65
833216,179,171,8
781137,179,151,28
562110,179,138,41
496330,179,169,10
496107,179,161,18
486220,179,132,47
441108,179,130,49
413521,179,155,24
341512,179,124,55
272162,179,135,44
841239,178,129,49
821113,178,152,26
562114,178,124,54
480334,178,151,27
462038,178,75,103
321205,178,113,65
273001,178,72,106
243723,178,129,49
209401,178,127,51
852112,177,150,27
844101,177,112,65
835226,177,160,17
824206,177,158,19
788712,177,131,46
425418,177,164,13
425401,177,151,26
422604,177,167,10
422204,177,173,4
413102,177,136,41
332301,177,71,106
307029,177,111,66
283115,177,143,34
272155,177,137,40
271881,177,140,37
243504,177,125,52
222162,177,88,89
221502,177,113,64
131301,177,101,76
847226,176,150,26
835220,176,164,12
829203,176,155,21
585301,176,106,70
563135,176,138,38
494777,176,164,12
470339,176,148,28
458110,176,124,52
441911,176,151,25
413307,176,149,27
413002,176,148,28
344011,176,159,17
312022,176,143,33
243637,176,147,29
207401,176,91,85
192401,176,146,30
134203,176,142,34
132114,176,101,75
855116,175,163,12
805103,175,138,37
799101,175,152,23
788734,175,118,57
784115,175,140,35
782428,175,137,38
781369,175,146,29
587301,175,89,86
562160,175,127,48
471311,175,151,24
442905,175,143,32
345025,175,148,27
321401,175,96,79
303103,175,98,77
285203,175,128,47
274405,175,124,51
273411,175,123,52
263153,175,74,101
232106,175,114,61
221301,175,77,98
181206,175,118,57
825402,174,123,51
783130,174,162,12
494444,174,155,19
488441,174,144,30
480115,174,140,34
473670,174,163,11
473115,174,131,43
431111,174,129,45
402109,174,165,9
344037,174,167,7
324005,174,39,135
251002,174,31,143
851129,173,128,45
843125,173,145,28
787034,173,130,43
785640,173,140,33
572130,173,149,24
571114,173,152,21
494635,173,167,6
494337,173,158,15
491444,173,159,14
444705,173,137,36
431202,173,145,28
423104,173,146,27
389140,173,149,24
334302,173,116,57
323021,173,116,57
313705,173,149,24
281122,173,113,60
251318,173,66,107
250406,173,119,54
250104,173,128,45
245205,173,121,52
184206,173,158,15
814102,172,157,15
788725,172,120,52
782104,172,146,26
573103,172,143,29
495687,172,140,32
483113,172,148,24
481768,172,163,9
475335,172,133,39
424101,172,144,28
394710,172,161,11
393040,172,161,11
342312,172,138,34
327021,172,153,19
302031,172,21,151
302017,172,26,146
272178,172,126,46
249128,172,154,18
221508,172,104,68
209868,172,131,41
182121,172,136,36
855108,171,150,21
813209,171,153,18
795133,171,118,53
794108,171,162,9
785675,171,152,19
494333,171,162,9
483332,171,142,29
464668,171,123,48
422601,171,163,8
274406,171,117,54
262724,171,137,34
225409,171,118,53
224143,171,101,70
843331,170,158,12
833220,170,151,19
824233,170,152,18
804403,170,126,44
495684,170,146,24
461771,170,141,29
413515,170,147,23
345027,170,151,19
342307,170,141,29
242303,170,131,39
209125,170,134,36
191131,170,142,28
182311,170,138,32
832303,169,130,39
822112,169,161,8
803202,169,141,28
493332,169,143,26
475001,169,141,28
473990,169,139,30
416410,169,127,42
284001,169,52,117
228151,169,117,52
125052,169,116,53
845307,168,137,31
811312,168,150,18
572132,168,145,23
562120,168,146,22
494335,168,157,11
456668,168,127,41
401303,168,93,75
341505,168,87,81
321204,168,120,48
263642,168,133,35
241304,168,114,54
174001,168,130,38
122103,168,111,57
788737,167,123,44
783132,167,112,55
587313,167,117,50
481663,167,163,4
458001,167,104,63
444403,167,149,18
431701,167,156,11
363330,167,128,39
335041,167,119,48
331507,167,73,94
321024,167,116,51
306421,167,114,53
282007,167,71,96
243632,167,132,35
243631,167,109,58
210426,167,141,26
124103,167,89,78
798620,166,135,31
785612,166,145,21
783123,166,151,15
782485,166,138,28
583101,166,74,92
495556,166,122,44
485447,166,141,25
483220,166,123,43
457773,166,137,29
454335,166,153,13
361315,166,131,35
271002,166,118,48
262405,166,97,69
230139,166,88,78
221303,166,99,67
212665,166,111,55
842002,165,82,83
821106,165,159,6
813211,165,151,14
803114,165,142,23
788815,165,126,39
580024,165,104,61
464774,165,149,16
458888,165,136,29
444702,165,159,6
335512,165,68,97
274206,165,115,50
271303,165,105,60
271202,165,122,43
249141,165,143,22
248123,165,151,14
246747,165,133,32
212664,165,108,57
210128,165,129,36
205268,165,110,55
848202,164,139,25
824143,164,127,37
815318,164,124,40
796772,164,133,31
785630,164,140,24
783392,164,128,36
584123,164,98,66
561202,164,131,33
486892,164,150,14
451111,164,120,44
445203,164,144,20
442603,164,153,11
425409,164,137,27
362001,164,61,103
335063,164,87,77
303501,164,118,46
303008,164,103,61
302003,164,63,101
301022,164,106,58
284304,164,94,70
283101,164,100,64
226001,164,52,112
221717,164,102,62
136128,164,124,40
851211,163,132,31
841417,163,132,31
829110,163,127,36
814154,163,149,14
814145,163,152,11
796001,163,78,85
782120,163,131,32
737134,163,115,48
573102,163,146,17
560045,163,34,129
493222,163,146,17
431511,163,123,40
425001,163,105,58
414603,163,143,20
410502,163,153,10
385340,163,142,21
364001,163,68,95
344026,163,146,17
328024,163,117,46
301707,163,104,59
276123,163,100,63
225302,163,135,28
224151,163,64,99
224121,163,106,57
202124,163,97,66
135133,163,126,37
843327,162,146,16
843109,162,142,20
833103,162,155,7
785621,162,124,38
781364,162,139,23
493770,162,139,23
490036,162,129,33
475675,162,127,35
452020,162,82,80
443301,162,141,21
441206,162,146,16
431105,162,121,41
389190,162,152,10
342025,162,113,49
313011,162,116,46
311201,162,110,52
303603,162,87,75
285121,162,144,18
247129,162,117,45
230401,162,98,64
229127,162,103,59
185212,162,125,37
176310,162,133,29
175001,162,129,33
852106,161,130,31
845412,161,120,41
841101,161,139,22
835222,161,79,82
825323,161,121,40
786152,161,145,16
784110,161,125,36
591317,161,113,48
571426,161,130,31
495552,161,132,29
452010,161,31,130
442907,161,140,21
415712,161,148,13
413401,161,135,26
272151,161,109,52
224159,161,97,64
209303,161,117,44
123029,161,110,51
824231,160,103,57
796901,160,117,43
788817,160,130,30
480106,160,134,26
473585,160,149,11
450551,160,134,26
431503,160,131,29
431204,160,127,33
401501,160,101,59
305921,160,128,32
281307,160,105,55
229301,160,128,32
227205,160,141,19
209870,160,107,53
207248,160,92,68
202395,160,96,64
182141,160,148,12
825106,159,124,35
587116,159,116,43
493526,159,139,20
481449,159,131,28
455223,159,96,63
360005,159,30,129
312615,159,130,29
307022,159,117,42
281301,159,100,59
272124,159,116,43
262727,159,128,31
191201,159,116,43
815359,158,153,5
811305,158,144,14
805131,158,135,23
782106,158,141,17
781325,158,128,30
583277,158,112,46
577501,158,84,74
454365,158,154,4
431801,158,148,10
415709,158,133,25
412803,158,136,22
362560,158,105,53
342023,158,104,54
334021,158,127,31
306104,158,103,55
249185,158,135,23
247656,158,86,72
246475,158,131,27
223223,158,102,56
175015,158,139,19
852215,157,146,11
847223,157,136,21
847108,157,148,9
815302,157,138,19
813207,157,146,11
577429,157,149,8
571430,157,124,33
563114,157,124,33
496665,157,147,10
465693,157,117,40
416510,157,144,13
413249,157,133,24
410501,157,117,40
395004,157,47,110
389155,157,144,13
321608,157,81,76
321022,157,87,70
313605,157,134,23
311802,157,121,36
303109,157,102,55
271205,157,116,41
262901,157,125,32
262406,157,81,76
243720,157,93,64
231305,157,109,48
222139,157,104,53
182148,157,148,9
175123,157,144,13
121106,157,66,91
847228,156,143,13
845451,156,142,14
843314,156,142,14
801103,156,106,50
581104,156,134,22
562130,156,80,76
480107,156,124,32
431128,156,138,18
425111,156,130,26
383345,156,144,12
341509,156,109,47
321602,156,79,77
313708,156,148,8
248197,156,106,50
229303,156,128,28
210432,156,110,46
854102,155,144,11
852216,155,136,19
845459,155,123,32
845426,155,137,18
843113,155,118,37
825313,155,118,37
577528,155,136,19
577101,155,102,53
481886,155,151,4
481771,155,139,16
460551,155,111,44
442903,155,140,15
416115,155,108,47
402303,155,148,7
303505,155,108,47
302039,155,18,137
285125,155,103,52
276204,155,107,48
271305,155,101,54
271210,155,102,53
263645,155,128,27
212502,155,91,64
185202,155,137,18
173027,155,143,12
848210,154,123,31
848132,154,124,30
781380,154,120,34
495661,154,123,31
493344,154,127,27
481668,154,148,6
465667,154,118,36
458667,154,97,57
454350,154,145,9
444501,154,136,18
396191,154,78,76
334802,154,98,56
314403,154,137,17
301701,154,63,91
282005,154,31,123
274207,154,121,33
249402,154,73,81
246726,154,100,54
232109,154,82,72
203201,154,78,76
202138,154,84,70
815357,153,147,6
801104,153,132,21
795103,153,107,46
791120,153,116,37
785110,153,115,38
784116,153,119,34
783391,153,115,38
577427,153,127,26
491222,153,133,20
442504,153,143,10
414203,153,135,18
394650,153,126,27
389240,153,148,5
342606,153,115,38
342008,153,31,122
322023,153,103,50
303007,153,71,82
302033,153,17,136
262722,153,120,33
247778,153,77,76
224158,153,85,68
221505,153,98,55
209121,153,129,24
207125,153,91,62
843117,152,145,7
841219,152,122,30
812006,152,129,23
495695,152,129,23
491225,152,139,13
480994,152,130,22
465445,152,108,44
441203,152,133,19
413507,152,131,21
326001,152,92,60
271821,152,125,27
246721,152,97,55
229305,152,107,45
206125,152,134,18
193503,152,150,2
123021,152,111,41
121005,152,15,137
852221,151,113,38
845302,151,120,31
843320,151,127,24
841406,151,123,28
829206,151,118,33
821104,151,132,19
811302,151,128,23
476335,151,141,10
445303,151,136,15
440023,151,93,58
360110,151,115,36
333042,151,72,79
326039,151,133,18
313031,151,137,14
303012,151,62,89
302020,151,29,122
285201,151,130,21
271882,151,132,19
247452,151,82,69
246171,151,128,23
230202,151,79,72
211013,151,75,76
193301,151,124,27
181122,151,119,32
843118,150,145,5
834010,150,102,48
824112,150,133,17
823311,150,128,22
821115,150,69,81
802158,150,112,38
792104,150,137,13
585222,150,107,43
584122,150,100,50
480990,150,129,21
470235,150,134,16
454441,150,134,16
431506,150,118,32
360050,150,90,60
325204,150,109,41
321611,150,89,61
314402,150,133,17
313603,150,118,32
302028,150,73,77
272190,150,96,54
251311,150,49,101
249171,150,133,17
209851,150,130,20
209601,150,94,56
205145,150,101,49
202394,150,102,48
202280,150,82,68
136118,150,61,89
854104,149,132,17
847404,149,138,11
844505,149,127,22
577301,149,109,40
573115,149,125,24
495688,149,133,16
495335,149,137,12
485551,149,126,23
471625,149,103,46
442305,149,136,13
422007,149,137,12
362220,149,75,74
342302,149,114,35
325202,149,102,47
323801,149,110,39
302016,149,57,92
302013,149,25,124
273301,149,72,77
244251,149,103,46
230141,149,74,75
222303,149,101,48
221005,149,42,107
844114,148,130,18
833215,148,139,9
825405,148,102,46
822120,148,131,17
805122,148,134,14
782470,148,122,26
562106,148,99,49
494229,148,142,6
486775,148,113,35
484551,148,139,9
484330,148,123,25
444701,148,129,19
441901,148,135,13
416413,148,143,5
314804,148,131,17
274409,148,125,23
273152,148,101,47
272125,148,133,15
210502,148,72,76
210421,148,133,15
202123,148,88,60
193402,148,124,24
125120,148,95,53
841437,147,112,35
796261,147,110,37
586214,147,85,62
475330,147,122,25
423502,147,136,11
421402,147,137,10
401403,147,139,8
364290,147,104,43
362268,147,90,57
246749,147,110,37
232110,147,104,43
212214,147,90,57
209402,147,95,52
182124,147,129,18
127201,147,112,35
847427,146,130,16
847101,146,128,18
845433,146,134,12
835301,146,97,49
816120,146,128,18
814149,146,133,13
813204,146,134,12
811106,146,121,25
805126,146,117,29
804421,146,111,35
784190,146,119,27
781360,146,114,32
585330,146,61,85
415508,146,135,11
415002,146,125,21
413305,146,131,15
360370,146,61,85
262723,146,132,14
250404,146,94,52
249152,146,130,16
242305,146,114,32
229412,145,75,70
208011,146,24,122
845306,145,104,41
835213,145,109,36
825101,145,91,54
822128,145,132,13
796431,145,108,37
794114,145,141,4
591302,145,130,15
586203,145,105,40
486111,145,112,33
425452,145,138,7
425107,145,125,20
414204,145,125,20
400067,145,70,75
313332,145,112,33
311602,145,109,36
304504,145,104,41
250342,145,94,51
243303,145,87,58
231223,145,131,14
222145,145,76,69
194101,145,120,25
193303,145,129,16
131101,145,85,60
126112,145,101,44
847452,144,129,15
845305,144,100,44
845104,144,129,15
841503,144,131,13
835229,144,129,15
805106,144,126,18
795138,144,83,61
785635,144,132,12
781123,144,132,12
590001,144,72,72
477222,144,120,24
473665,144,134,10
470441,144,127,17
451881,144,136,8
388260,144,135,9
385550,144,136,8
380001,144,73,71
364710,144,74,70
342014,144,92,52
322025,144,97,47
273307,144,95,49
272130,144,93,51
249125,144,127,17
247777,144,70,74
232111,144,128,16
221010,143,26,117
212205,144,67,77
182128,144,140,4
854337,143,130,13
847235,143,130,13
845422,143,121,22
829121,143,124,19
828113,143,112,31
825403,143,134,9
824118,143,128,15
815301,143,85,58
813103,143,129,14
799201,143,136,7
581118,143,112,31
496440,143,124,19
480999,143,134,9
464665,143,110,33
445301,143,134,9
442707,143,125,18
414402,143,126,17
389365,143,137,6
388255,143,125,18
335703,143,116,27
335501,143,65,78
313903,143,122,21
303338,143,84,59
283151,143,79,64
276126,143,70,73
222165,143,85,58
210203,143,128,15
173024,143,134,9
172001,143,117,26
833105,142,128,14
829144,142,105,37
825312,142,97,45
816118,142,131,11
784514,142,113,29
783332,142,98,44
781368,142,110,32
577601,142,92,50
441802,142,128,14
431206,142,112,30
414001,142,96,46
382150,142,118,24
322214,142,118,24
263132,142,125,17
230124,142,74,68
222180,142,66,76
207124,142,84,58
204216,142,118,24
852111,141,114,27
848203,141,131,10
832105,141,128,13
825318,141,112,29
799104,141,132,9
571432,141,126,15
458556,141,102,39
455459,141,103,38
431702,141,126,15
431007,141,101,40
431003,141,71,70
344501,141,132,9
343032,141,100,41
332718,141,88,53
321605,141,78,63
276206,141,99,42
272154,141,123,18
271904,141,114,27
261502,141,129,12
249196,141,122,19
231215,141,119,22
811211,140,130,10
802201,140,125,15
783124,140,131,9
781135,140,125,15
561208,140,105,35
481445,140,108,32
457118,140,120,20
441702,139,129,10
424001,140,105,35
413216,140,123,17
342005,140,13,127
273403,140,111,29
273310,140,66,74
273163,140,68,72
225206,140,114,26
206124,140,83,57
848213,139,133,6
841405,139,116,23
814160,139,132,7
805124,139,116,23
787023,139,120,19
784149,139,118,21
783375,139,103,36
583229,139,93,46
577213,139,121,18
477111,139,134,5
472118,139,124,15
431501,139,107,32
431133,139,89,50
383325,139,117,22
342308,139,118,21
314404,139,129,10
313704,139,123,16
250502,139,97,42
243634,139,106,33
224205,139,86,53
136132,139,114,25
854203,138,135,3
814119,138,120,18
791112,138,121,17
786613,138,122,16
583201,138,64,74
563132,138,128,10
481556,138,123,15
480441,138,105,33
462030,138,50,88
462023,138,46,92
460225,138,126,12
444803,138,128,10
441401,138,125,13
440009,138,79,59
431721,138,124,14
400072,138,72,66
362720,138,84,54
360510,138,107,31
344703,138,129,9
328026,138,106,32
281201,138,79,59
249180,138,125,13
212656,138,105,33
201306,138,37,101
847224,137,124,13
841238,137,106,31
835208,137,103,34
813210,137,107,30
800008,137,65,72
793113,137,119,18
788107,137,111,26
786157,137,120,17
784114,137,113,24
782440,137,117,20
782103,137,118,19
560068,137,30,107
481993,137,129,8
470664,137,120,17
470119,137,122,15
451221,137,109,28
445102,137,123,14
431712,137,119,18
431113,137,106,31
422610,137,130,7
422003,137,87,50
415509,137,124,13
415311,137,118,19
393145,137,114,23
327034,137,123,14
327022,137,109,28
325001,137,94,43
305623,137,103,34
303604,137,86,51
276135,137,95,42
276121,137,66,71
273202,137,99,38
250501,137,91,46
224120,137,84,53
212663,137,95,42
212620,137,93,44
190006,137,94,43
135102,137,116,21
841424,136,116,20
792130,136,110,26
786110,136,122,14
458990,136,100,36
431516,136,110,26
413006,136,112,24
400097,136,82,54
362225,136,64,72
325215,136,105,31
324002,136,39,97
314034,136,124,12
283202,136,89,47
242405,136,102,34
224125,136,62,74
222603,136,4,132
211012,136,77,59
210301,136,75,61
209731,136,78,58
123023,136,113,23
852161,135,131,4
852138,135,112,23
851111,135,131,4
848504,135,107,28
814158,135,124,11
814152,135,127,8
799045,135,121,14
798611,135,110,25
493662,135,116,19
485111,135,102,33
483334,135,115,20
475682,135,112,23
470772,135,117,18
464986,135,127,8
389175,135,121,14
370110,135,76,59
326512,135,108,27
303908,135,108,27
276129,135,80,55
272193,135,113,22
263152,135,93,42
230503,135,98,37
229204,135,96,39
228121,135,85,50
223222,135,100,35
210423,135,102,33
185135,135,108,27
184143,135,104,31
135103,135,118,17
852123,134,124,10
847121,134,112,22
847103,134,111,23
843316,134,124,10
841403,134,121,13
799205,134,123,11
583231,134,66,68
583102,134,81,53
495557,134,92,42
484555,134,114,20
480882,134,121,13
473880,134,113,21
471318,134,116,18
471105,134,107,27
456441,134,121,13
441801,134,114,20
431124,134,119,15
423501,134,111,23
413201,134,106,28
412806,134,131,3
401107,134,7,127
396580,134,116,18
342309,134,103,31
271123,134,101,33
254125,134,12,122
245206,134,99,35
232326,134,86,48
224208,134,64,70
212104,134,97,37
176316,134,126,8
176311,134,121,13
122104,134,105,29
854326,133,105,28
847225,133,115,18
844506,133,108,25
841311,133,115,18
804419,133,113,20
802212,133,101,32
802207,133,105,28
583121,133,86,47
581329,133,119,14
577401,133,101,32
562109,133,106,27
560032,133,29,104
496338,133,126,7
492109,133,120,13
485221,133,104,29
477441,133,110,23
413601,133,118,15
370510,133,130,3
304025,133,104,29
301406,133,79,54
276203,133,99,34
276141,133,83,50
272202,133,108,25
252421,133,49,84
249145,133,110,23
247773,133,89,44
233305,133,50,83
225415,133,111,22
225412,133,105,28
210506,133,80,53
854304,132,103,29
854116,132,124,8
813109,132,120,12
795134,132,106,26
786184,132,115,17
784529,132,112,20
781327,132,114,18
562104,132,119,13
470442,132,123,9
451440,132,117,15
445202,132,119,13
445101,132,124,8
441807,132,117,15
431709,132,103,29
424201,132,110,22
401404,132,100,32
393130,132,126,6
342314,132,95,37
304023,132,95,37
281502,132,91,41
271124,132,101,31
247231,132,81,51
245207,132,98,34
231501,132,81,51
203408,132,90,42
844504,131,111,20
829204,131,121,10
821105,131,118,13
814155,131,129,2
813213,131,112,19
799289,131,119,12
585313,131,108,23
584129,131,105,26
583212,131,83,48
572202,131,111,20
561204,131,127,4
487441,131,120,11
486447,131,121,10
465226,131,86,45
445215,131,119,12
416312,131,115,16
332709,131,72,59
321404,131,76,55
273157,131,96,35
273015,131,71,60
229122,131,112,19
227811,131,91,40
209210,131,116,15
852137,130,117,13
835234,130,117,13
824303,130,125,5
801505,130,74,56
784505,130,85,45
783388,130,117,13
577598,130,104,26
577002,130,79,51
571440,130,96,34
484886,130,125,5
481226,130,108,22
458558,130,97,33
450661,130,107,23
444506,130,109,21
400078,130,83,47
394716,130,127,3
387130,130,110,20
344044,130,96,34
303702,130,36,94
271204,130,96,34
263622,130,122,8
228141,130,76,54
221403,130,75,55
212305,130,76,54
208012,130,36,94
136117,130,88,42
135003,130,83,47
846001,129,83,46
835232,129,119,10
824203,129,121,8
821102,129,121,8
814157,129,112,17
811214,129,99,30
805109,129,112,17
803118,129,87,42
799284,129,124,5
785112,129,119,10
783371,129,106,23
562111,129,120,9
491221,129,110,19
486333,129,113,16
486115,129,113,16
477447,129,83,46
445205,129,110,19
441302,129,111,18
425408,129,111,18
413504,129,121,8
402301,129,113,16
325601,129,95,34
323802,129,94,35
303903,129,82,47
303106,129,71,58
281401,129,75,54
231313,129,63,66
211008,129,39,90
209733,129,80,49
209725,129,39,90
185203,129,110,19
171208,129,115,14
123501,129,101,28
843328,128,109,19
793021,128,92,36
781350,128,111,17
591102,128,93,35
585402,128,85,43
585227,128,91,37
584125,128,99,29
581320,128,107,21
571602,128,99,29
571107,128,105,23
494447,128,127,1
483336,128,109,19
464770,128,99,29
462003,128,41,87
453115,128,78,50
431802,128,116,12
415804,128,122,6
389120,128,117,11
325004,128,76,52
277123,128,95,33
274122,128,70,58
261203,128,19,109
243203,128,93,35
226101,128,84,44
221204,128,79,49
845301,127,104,23
844508,127,117,10
841425,127,108,19
824217,127,101,26
821310,127,106,21
821107,127,111,16
792103,127,105,22
783345,127,97,30
781131,127,106,21
591123,127,103,24
585325,127,85,42
585216,127,88,39
571111,127,105,22
494336,127,118,9
486117,127,109,18
465230,127,104,23
463106,127,62,65
443101,127,104,23
441910,127,117,10
415101,127,123,4
413309,127,120,7
400070,127,83,44
391135,127,116,11
370140,127,104,23
360001,127,41,86
333031,127,53,74
311302,127,112,15
306504,127,108,19
303005,127,86,41
283124,127,91,36
271307,127,89,38
263623,127,117,10
248007,127,66,61
244926,127,75,52
224161,127,82,45
223103,127,77,50
221202,127,64,63
181132,127,75,52
127306,127,68,59
854335,126,102,24
854101,126,103,23
847301,126,111,15
782136,126,115,11
781346,126,97,29
781305,126,94,32
587201,126,101,25
577004,126,40,86
494771,126,119,7
485666,126,98,28
475115,126,107,19
474010,126,94,32
456665,126,76,50
443402,126,100,26
431805,126,121,5
401105,126,27,99
391110,126,104,22
382715,126,83,43
360410,126,59,67
335526,126,76,50
334303,126,108,18
313906,126,116,10
273305,126,95,31
223224,126,89,37
221003,126,37,89
206248,126,73,53
206126,126,84,42
852105,125,111,14
851133,125,109,16
847232,125,104,21
785702,125,110,15
585226,125,84,41
583125,125,112,13
487330,125,106,19
483990,125,110,15
480996,125,105,20
442702,125,118,7
413213,125,114,11
391145,125,121,4
311025,125,84,41
306102,125,104,21
302004,125,34,91
276402,125,81,44
272176,125,85,40
272171,125,90,35
271607,125,108,17
241403,125,86,39
224126,125,89,36
221701,125,104,21
212622,125,87,38
212307,125,79,46
209310,125,98,27
202145,125,88,37
201204,125,57,68
171211,125,109,16
852129,124,111,13
844503,124,88,36
835230,124,120,4
834006,124,68,56
829301,124,100,24
825132,124,108,16
811313,124,113,11
785673,124,116,8
737121,124,82,42
496245,124,115,9
493335,124,109,15
484665,124,111,13
483440,124,99,25
480880,124,118,6
473226,124,86,38
471510,124,108,16
452002,124,52,72
415112,124,122,2
413109,124,117,7
384315,124,88,36
313706,124,111,13
312024,124,100,24
276128,124,83,41
271125,124,86,38
249192,124,117,7
209307,124,100,24
205142,124,103,21
126115,124,83,41
854331,123,112,11
851112,123,87,36
821305,123,89,34
788831,123,115,8
786181,123,93,30
785662,123,112,11
781381,123,97,26
581355,123,118,5
571313,123,86,37
570019,123,60,63
494122,123,121,2
484660,123,105,18
484440,123,101,22
481117,123,118,5
472331,123,115,8
471111,123,70,53
451224,123,105,18
441916,123,109,14
431129,123,118,5
431002,123,70,53
394730,123,111,12
384325,123,112,11
382330,123,47,76
380024,123,45,78
341023,123,78,45
327032,123,106,17
314406,123,107,16
304802,123,89,34
301410,123,88,35
284123,123,111,12
274704,123,88,35
273404,123,89,34
246764,123,71,52
243630,123,107,16
227111,123,91,32
225205,123,98,25
221507,123,80,43
206127,123,64,59
174303,123,91,32
173022,123,113,10
171207,123,97,26
843321,122,113,9
841427,122,100,22
787054,122,107,15
784148,122,113,9
783347,122,93,29
591126,122,83,39
562119,122,113,9
493111,122,87,35
488448,122,109,13
444906,122,110,12
444806,122,104,18
431804,122,113,9
431101,122,89,33
425508,122,104,18
400095,122,39,83
332713,122,42,80
327025,122,106,16
322255,122,87,35
322243,122,91,31
322218,122,96,26
321201,122,62,60
311803,122,96,26
311403,122,89,33
306103,122,86,36
284121,122,88,34
274604,122,93,29
263625,122,114,8
246179,122,119,3
243122,122,71,51
243003,122,39,83
233230,122,47,75
230402,122,80,42
229308,122,98,24
226301,122,72,50
226028,122,85,37
184203,122,96,26
121003,122,29,93
834004,121,49,72
822101,121,57,64
811310,121,101,20
804428,121,105,16
786101,121,114,7
785611,121,109,12
782142,121,101,20
781101,121,103,18
583219,121,85,36
582101,121,66,55
562127,121,111,10
493555,121,114,7
485773,121,104,17
470673,121,101,20
466446,121,98,23
457769,121,115,6
445206,121,103,18
445103,121,100,21
444203,121,93,28
442906,121,116,5
393050,121,114,7
382350,121,31,90
382305,121,90,31
334004,121,23,98
323022,121,97,24
321607,121,77,44
284303,121,102,19
246427,121,109,12
233225,121,97,24
227801,121,82,39
225121,121,97,24
209732,121,65,56
209205,121,100,21
192211,121,91,30
192121,121,90,31
190002,121,68,53
182221,121,99,22
855105,120,109,11
843323,120,99,21
841506,120,90,30
835324,120,86,34
825109,120,84,36
802203,120,104,16
791130,120,113,7
785671,120,109,11
782403,120,92,28
781344,120,103,17
781312,120,93,27
583135,120,85,35
560026,120,48,72
493229,120,106,14
483775,120,105,15
473774,120,110,10
470881,120,92,28
465227,120,75,45
458895,120,93,27
431136,120,33,87
431126,120,108,12
431121,120,106,14
415605,120,96,24
394160,120,108,12
389115,120,115,5
344708,120,112,8
335062,120,66,54
328027,120,68,52
327604,120,107,13
323803,120,97,23
273408,120,83,37
272126,120,85,35
247772,120,61,59
226002,120,80,40
221309,120,76,44
209861,120,61,59
209621,120,109,11
121105,120,65,55
854113,119,103,16
847105,119,101,18
824205,119,103,16
816103,119,117,2
802208,119,114,5
785106,119,94,25
783394,119,88,31
571401,119,60,59
480771,119,100,19
477555,119,109,10
458228,119,99,20
425419,119,115,4
413801,119,93,26
413519,119,107,12
395006,119,17,102
383270,119,116,3
382225,119,74,45
364270,119,95,24
360490,119,75,44
314037,119,114,5
314036,119,105,14
313333,119,104,15
301025,119,83,36
285204,119,62,57
273013,119,65,54
232105,119,83,36
227816,119,77,42
227805,119,78,41
224152,119,66,53
212645,119,84,35
211003,119,60,59
202137,119,77,42
176321,119,113,6
175124,119,113,6
855114,118,103,15
848207,118,113,5
841409,118,103,15
824111,118,106,12
821112,118,93,25
796911,118,115,3
788165,118,94,24
788101,118,100,18
784169,118,101,17
783373,118,95,23
782486,118,109,9
571434,118,95,23
560078,118,22,96
491107,118,93,25
455440,118,101,17
445305,118,108,10
442710,118,115,3
424206,118,107,11
422402,118,108,10
416701,118,109,9
416209,118,107,11
412108,118,110,8
385110,118,108,10
365601,118,60,58
345028,118,102,16
312202,118,96,22
271313,118,81,37
263135,118,112,6
231312,118,80,38
227305,118,107,11
224176,118,58,60
221402,118,71,47
212109,118,86,32
209831,118,89,29
182222,118,83,35
136119,118,88,30
852125,117,103,14
835212,117,104,13
829207,117,110,7
802119,117,79,38
800007,117,58,59
786170,117,96,21
785690,117,99,18
781121,117,97,20
583131,117,76,41
495112,117,102,15
493448,117,109,8
486441,117,101,16
450881,117,109,8
443302,117,98,19
441912,117,100,17
414401,117,109,8
321606,117,54,63
313325,117,107,10
263136,117,107,10
247120,117,82,35
246481,117,99,18
228171,117,78,39
224139,117,77,40
211001,117,39,78
210501,117,77,40
207121,117,82,35
205151,117,104,13
202527,117,94,23
192101,117,64,53
173101,117,106,11
136034,117,78,39
132039,117,65,52
852214,116,113,3
848204,116,108,8
846004,116,72,44
845416,116,109,7
824120,116,93,23
814148,116,109,7
813201,116,103,13
799155,116,108,8
798612,116,90,26
796081,116,82,34
795135,116,89,27
793101,116,90,26
786151,116,92,24
587125,116,77,39
586117,116,93,23
586113,116,87,29
585211,116,73,43
585105,116,30,86
581204,116,103,13
495660,116,95,21
487551,116,69,47
487221,116,81,35
458226,116,95,21
442201,116,95,21
441202,116,100,16
412213,116,111,5
391760,116,102,14
389130,116,109,7
389110,116,108,8
341306,116,48,68
326513,116,77,39
325218,116,81,35
307514,116,76,40
305404,116,66,50
302021,116,12,104
301019,116,17,99
283112,116,88,28
276142,116,73,43
263126,116,98,18
251316,116,46,70
244502,116,83,33
227815,116,82,34
209723,116,81,35
207122,116,75,41
194109,116,108,8
125110,116,96,20
843333,115,108,7
822119,115,97,18
813108,115,114,1
799275,115,105,10
785689,115,104,11
785670,115,97,18
784182,115,98,17
784174,115,80,35
782402,115,92,23
577228,115,93,22
577132,115,98,17
493101,115,103,12
490023,115,41,74
485772,115,98,17
480555,115,101,14
471501,115,79,36
431116,115,104,11
391440,115,94,21
360055,115,82,33
335513,115,42,73
301028,115,76,39
276303,115,59,56
276131,115,75,40
273007,115,68,47
263159,115,103,12
222133,115,65,50
221603,115,71,44
202522,115,86,29
193404,115,95,20
184141,115,93,22
854339,114,98,16
847227,114,97,17
846009,114,91,23
845456,114,93,21
825411,114,85,29
824301,114,103,11
824103,114,107,7
813202,114,96,18
804408,114,72,42
799143,114,109,5
796181,114,82,32
784178,114,96,18
784111,114,80,34
737111,114,80,34
563137,114,106,8
483222,114,94,20
474003,114,29,85
465677,114,96,18
442401,114,51,63
441104,114,87,27
424105,114,89,25
423601,114,86,28
421312,114,98,16
416602,114,102,12
392001,114,55,59
385555,114,97,17
380026,114,41,73
322242,114,90,24
307001,114,65,49
272204,114,87,27
263641,114,94,20
252324,114,69,45
249175,114,102,12
248008,112,70,42
222146,114,67,47
212507,114,67,47
204214,114,83,31
182143,114,100,14
132041,114,86,28
854205,113,98,15
848211,113,96,17
847409,113,106,7
845432,113,101,12
828403,113,69,44
822132,113,100,13
796310,113,76,37
795148,113,70,43
788736,113,90,23
785691,113,106,7
784161,113,100,13
783361,113,79,34
782445,113,97,16
581106,113,96,17
495550,113,89,24
480223,113,96,17
472337,113,112,1
465223,113,68,45
457441,113,94,19
441501,113,85,28
431717,113,87,26
431130,113,100,13
424002,113,93,20
416412,113,107,6
412301,113,98,15
401102,113,108,5
382415,113,36,77
342802,113,85,28
335711,113,57,56
331802,113,73,40
331517,113,67,46
326519,113,50,63
303801,113,67,46
271830,113,103,10
271402,113,80,33
243406,113,85,28
241122,113,80,33
227408,113,83,30
225304,113,92,21
125104,113,78,35
854115,112,104,8
847401,112,100,12
847304,112,102,10
845450,112,99,13
845417,112,99,13
835224,112,98,14
825319,112,75,37
824237,112,92,20
788113,112,81,31
785680,112,95,17
591220,112,68,44
582207,112,81,31
560077,112,28,84
486114,112,76,36
483880,112,89,23
450332,112,100,12
442203,112,100,12
431603,112,86,26
412207,112,83,29
385545,112,86,26
344021,112,82,30
332715,112,51,61
332701,112,67,45
324001,112,30,82
312403,112,87,25
301702,112,73,39
284301,112,73,39
248140,112,67,45
241406,112,76,36
222129,112,62,50
222109,112,70,42
221208,112,70,42
176207,112,102,10
173023,112,105,7
134102,112,77,35
133001,112,65,47
125039,112,69,43
848201,111,96,15
832403,111,101,10
828402,111,91,20
822115,111,95,16
814144,111,106,5
814112,111,42,69
811301,111,103,8
798621,111,77,34
796751,111,90,21
788116,111,91,20
786171,111,88,23
591312,111,71,40
585316,111,81,30
585312,111,81,30
570008,111,68,43
470115,111,97,14
456335,111,62,49
444709,111,98,13
441207,111,90,21
431402,111,86,25
431213,111,90,21
421201,111,50,61
416211,111,102,9
414304,111,101,10
413502,111,94,17
382845,111,68,43
313026,111,97,14
311605,111,96,15
311024,111,86,25
303805,111,59,52
301027,111,73,38
272129,111,93,18
271309,111,90,21
271306,111,65,46
246429,111,97,14
246123,111,100,11
225413,111,82,29
224229,111,57,54
223226,111,74,37
209720,111,74,37
192302,111,89,22
180001,111,51,60
176061,111,79,32
172026,111,93,18
852220,110,92,18
824208,110,90,20
805128,110,102,8
803117,110,90,20
799181,110,105,5
794003,110,82,28
784146,110,95,15
782442,110,93,17
586112,110,89,21
582208,110,90,20
571121,110,97,13
560079,110,35,75
431807,110,103,7
413106,110,96,14
412115,110,91,19
402105,110,100,10
387630,110,93,17
362130,110,75,35
343030,110,85,25
342603,110,75,35
332311,110,52,58
303302,110,82,28
301409,110,71,39
273016,110,67,43
272194,110,78,32
262528,110,98,12
251315,110,42,68
243005,110,42,68
212633,110,84,26
193103,110,82,28
133204,110,83,27
132101,110,48,62
125102,110,74,36
845303,109,85,24
844121,109,89,20
844118,109,94,15
841245,109,76,33
832102,107,96,11
826001,109,46,63
824235,109,102,7
822133,109,96,13
796571,109,82,27
787056,109,94,15
784144,109,98,11
783383,109,97,12
737126,109,74,35
572224,109,105,4
572216,109,96,13
483331,109,94,15
481335,109,85,24
471408,109,91,18
464993,109,83,26
458118,109,82,27
450445,109,87,22
413208,109,83,26
323603,109,84,25
305601,109,63,46
276304,109,72,37
275304,109,46,63
273401,109,75,34
272302,109,73,36
246724,109,74,35
246001,109,87,22
241504,109,93,16
225306,109,90,19
221105,109,60,49
212108,109,79,30
209863,109,91,18
209622,109,90,19
205263,109,67,42
175121,109,99,10
851127,108,93,15
835303,108,62,46
835209,108,97,11
797001,108,43,65
788025,108,88,20
783336,108,80,28
585318,108,99,9
585215,108,75,33
560083,108,42,66
494331,108,102,6
465685,108,77,31
431536,108,97,11
425306,108,93,15
423102,108,90,18
335073,108,67,41
324008,108,28,80
321408,108,57,51
283105,108,60,48
277211,108,79,29
271603,108,88,20
246473,108,96,12
222175,108,52,56
222002,108,34,74
192212,108,91,17
184205,108,93,15
184148,108,82,26
852218,107,86,21
847405,107,105,2
843317,107,95,12
843120,107,101,6
841439,107,86,21
827010,107,65,42
814166,107,100,7
814165,107,95,12
804401,107,75,32
799114,107,91,16
786191,107,94,13
786156,107,92,15
571124,107,82,25
563116,107,89,18
562112,107,89,18
492101,107,83,24
485441,107,90,17
480110,107,88,19
454665,107,79,28
445401,107,96,11
443404,107,95,12
442705,107,102,5
431107,107,82,25
423302,107,83,24
423101,107,99,8
422101,107,71,36
413211,107,87,20
410203,107,93,14
388270,107,100,7
383422,107,105,2
305624,107,59,48
303701,107,62,45
303120,107,69,38
302001,107,27,80
285202,107,83,24
285130,107,80,27
276306,107,59,48
250617,107,77,30
221311,107,57,50
209736,107,84,23
184202,107,90,17
127308,107,78,29
852115,106,99,7
847107,106,96,10
841232,106,72,34
835231,106,102,4
833219,106,90,16
825167,106,84,22
804417,106,92,14
802101,106,25,81
799145,106,103,3
795105,106,96,10
781141,106,87,19
781104,106,87,19
591222,106,87,19
585306,106,90,16
584120,106,77,29
584116,106,95,11
580023,106,59,47
497114,106,100,6
494221,106,104,2
486448,106,79,27
470663,106,89,17
470232,106,98,8
442916,106,95,11
422202,106,91,15
415301,106,91,15
412210,106,81,25
383310,106,100,6
383215,106,92,14
382110,106,75,31
370201,106,37,69
362150,106,71,35
341502,106,75,31
313203,106,84,22
313002,106,38,68
272271,106,69,37
233221,106,64,42
231301,106,83,23
227806,106,69,37
225204,106,86,20
222141,106,76,30
222137,106,55,51
212641,106,71,35
209208,106,77,29
203135,106,49,57
202121,106,67,39
185152,106,90,16
127040,106,72,34
852217,105,100,5
848125,105,92,13
841231,105,69,36
805104,105,97,8
802218,105,99,6
786612,105,94,11
781124,105,93,12
571423,105,93,12
571102,105,95,10
562102,105,80,25
496227,105,95,10
472442,105,65,40
444108,105,89,16
431806,105,90,15
425201,105,78,27
425002,105,80,25
413701,105,86,19
396445,105,59,46
393001,105,59,46
385566,105,102,3
365560,105,77,28
344043,105,82,23
342024,105,58,47
341511,105,63,42
313703,105,95,10
304801,105,80,25
277202,105,61,44
276288,105,87,18
246443,105,87,18
229304,105,73,32
212503,105,77,28
212202,105,61,44
202130,105,60,45
171202,105,94,11
851214,104,100,4
827302,104,92,12
815354,104,90,14
814141,104,99,5
799207,104,98,6
787026,104,89,15
786010,104,96,8
784526,104,85,19
782461,104,88,16
586204,104,80,24
585421,104,87,17
577428,104,86,18
562122,104,87,17
560067,104,55,49
492015,104,57,47
475673,104,85,19
470223,104,75,29
465680,104,76,28
465449,104,75,29
462101,104,79,25
416001,104,92,12
413705,104,95,9
363642,104,59,45
326514,104,89,15
326034,104,86,18
314035,104,93,11
313602,104,81,23
311203,104,92,12
302027,104,51,53
302026,104,38,66
283136,104,69,35
241305,104,56,48
233308,104,36,68
227202,104,76,28
224153,104,63,41
224145,104,56,48
224132,104,40,64
221307,104,61,43
212658,104,77,27
210430,104,73,31
175012,104,97,7
173205,104,53,51
121101,104,54,50
852213,103,84,19
848503,103,91,12
847234,103,88,15
843101,103,93,10
835203,103,82,21
802117,103,94,9
795143,103,85,18
795106,103,71,32
793109,103,89,14
788805,103,84,19
784510,103,91,12
783325,103,77,26
783323,103,84,19
585214,103,81,22
583134,103,71,32
582118,103,81,22
581334,103,91,12
577412,103,94,9
572218,103,95,8
571101,103,80,23
481584,103,102,1
464990,103,87,16
458664,103,65,38
456222,103,80,23
444904,103,98,5
444801,103,94,9
442302,103,83,20
440026,103,54,49
414403,103,94,9
413306,103,95,8
412211,103,97,6
394375,103,98,5
393151,103,97,6
389220,103,99,4
385575,103,98,5
383245,103,85,18
383205,103,87,16
364140,103,69,34
362245,103,85,18
342602,103,62,41
335504,103,60,43
321303,103,69,34
313801,103,95,8
311204,103,90,13
311202,103,82,21
307030,103,68,35
303104,103,60,43
277208,103,85,18
271311,103,87,16
262551,103,87,16
250344,103,68,35
230142,103,75,28
229203,103,87,16
221314,103,59,44
202390,103,25,78
201456,103,58,45
184144,103,79,24
176320,103,95,8
853201,102,93,9
844127,102,85,17
834002,102,45,57
802213,102,82,20
782475,102,92,10
782001,102,68,34
583237,102,86,16
577217,102,79,23
572125,102,101,1
572120,102,97,5
572117,102,95,7
495677,102,46,56
485661,102,66,36
473330,102,87,15
471315,102,93,9
460449,102,75,27
458116,102,82,20
457885,102,99,3
441804,102,88,14
441210,102,90,12
440034,102,43,59
440002,102,51,51
422212,102,94,8
414205,102,97,5
412409,102,98,4
411001,102,58,44
403401,102,91,11
402104,102,87,15
400101,102,42,60
394670,102,92,10
361006,102,58,44
323307,102,80,22
313201,102,72,30
306302,102,62,40
303509,102,66,36
284402,102,85,17
276138,102,65,37
276122,102,66,36
263157,102,99,3
262545,102,87,15
251301,102,47,55
250606,102,54,48
246727,102,60,42
246425,102,90,12
246285,102,94,8
244236,102,74,28
232329,102,49,53
227107,102,59,43
224123,102,32,70
202391,102,84,18
202134,102,65,37
174102,102,92,10
172022,102,94,8
125121,102,60,42
845304,101,94,7
843334,101,94,7
831012,101,61,40
802129,101,94,7
792110,101,81,20
785616,101,90,11
581349,101,94,7
494448,101,99,2
480991,101,79,22
471606,101,63,38
457893,101,100,1
442701,101,63,38
442101,101,88,13
440017,101,72,29
416509,101,90,11
416405,101,88,13
416012,101,72,29
413532,101,86,15
413114,101,90,11
412208,101,79,22
411046,101,43,58
312624,101,93,8
311801,101,74,27
303305,101,68,33
277207,101,88,13
273213,101,65,36
271872,101,85,16
263635,101,88,13
263160,101,60,41
249151,101,89,12
248196,101,96,5
241202,101,86,15
227808,101,65,36
223101,101,41,60
222104,101,62,39
210424,101,80,21
205267,101,76,25
192102,101,70,31
181221,101,68,33
852126,100,93,7
851201,100,93,7
844120,100,77,23
843126,100,79,21
832112,100,94,6
816116,100,96,4
799144,100,93,7
798603,100,76,24
796441,100,76,24
796017,100,68,32
788030,100,85,15
782439,100,88,12
591235,100,76,24
577535,100,85,15
560058,100,23,77
485774,100,90,10
462042,100,41,59
462022,100,33,67
451220,100,87,13
431505,100,77,23
425415,100,90,10
410504,100,90,10
410405,100,87,13
400068,100,56,44
388250,100,91,9
385421,100,85,15
384151,100,69,31
380051,100,30,70
362255,100,68,32
311401,100,74,26
285124,100,76,24
281308,100,65,35
273412,100,72,28
273002,99,70,29
246121,100,97,3
226008,100,34,66
221405,100,60,40
221310,100,61,39
221308,100,52,48
212653,100,70,30
211002,100,38,62
181141,100,67,33
180003,100,66,34
175018,100,73,27
171102,100,86,14
123027,100,69,31
854114,99,84,15
847421,99,82,17
845415,99,85,14
843313,99,77,22
843312,99,88,11
843114,99,85,14
841501,99,84,15
832107,98,91,7
824210,99,89,10
822111,99,83,16
811316,99,91,8
804422,99,87,12
802223,99,91,8
795107,99,73,26
788151,99,63,36
785683,99,91,8
785108,99,83,16
783376,99,79,20
782139,99,92,7
591237,99,72,27
587311,99,63,36
585416,99,81,18
583103,99,43,56
577526,99,79,20
573134,99,70,29
484113,99,88,11
441110,99,73,26
416505,99,91,8
413702,99,92,7
413513,99,86,13
411014,99,38,61
394211,99,9,90
383430,99,63,36
383235,99,86,13
380008,99,39,60
343027,99,86,13
333503,99,52,47
326515,99,87,12
326502,99,68,31
313334,99,83,16
285126,99,65,34
281404,99,72,27
272127,99,71,28
263653,99,82,17
246172,99,85,14
241203,99,80,19
222107,99,45,54
208023,99,22,77
205125,99,71,28
202129,99,58,41
175024,99,82,17
845103,98,79,19
811212,98,92,6
804404,98,81,17
802219,98,82,16
801304,98,86,12
795113,98,72,26
795002,98,64,34
793001,98,74,24
791123,98,87,11
787110,98,81,17
586213,98,62,36
492013,98,38,60
487661,98,81,17
470125,98,80,18
460443,98,91,7
444602,98,71,27
441224,98,85,13
424305,98,92,6
415408,98,90,8
415203,98,91,7
411033,98,57,41
400708,98,42,56
400706,98,28,70
383255,98,84,14
383251,98,96,2
341513,98,66,32
321321,98,22,76
314025,98,67,31
313902,98,93,5
306023,98,70,28
303904,98,63,35
303712,98,48,50
303706,98,41,57
275305,98,44,54
273201,98,52,46
249131,98,87,11
212401,98,63,35
209308,98,71,27
177001,98,61,37
125113,98,64,34
854327,97,93,4
854103,97,79,18
846003,97,78,19
844502,97,79,18
835205,97,65,32
832108,97,75,22
824220,97,74,23
814118,97,95,2
803111,97,76,21
802123,97,85,12
788099,97,80,17
781382,97,71,26
781313,97,70,27
577001,97,67,30
494446,97,93,4
460668,97,85,12
443103,97,84,13
442202,97,91,6
440024,97,63,34
416112,97,69,28
413527,97,88,9
413003,97,83,14
400058,97,45,52
389341,97,95,2
382418,97,17,80
380061,97,22,75
345023,97,80,17
344012,97,93,4
343025,97,52,45
335802,97,53,44
326022,97,77,20
306101,97,75,22
302006,97,24,73
283102,97,56,41
249146,97,88,9
229212,97,87,10
228155,97,68,29
204212,97,70,27
202131,97,66,31
202125,97,66,31
194401,97,91,6
192305,97,77,20
134204,97,81,16
133103,97,73,24
852130,96,85,11
851128,96,87,9
843104,96,87,9
841207,96,79,17
824209,96,82,14
821312,96,71,25
803212,96,68,28
801102,96,93,3
799211,96,87,9
799115,96,88,8
788818,96,91,5
784117,96,81,15
582116,96,69,27
581402,96,82,14
562138,96,88,8
560060,96,39,57
560010,96,29,67
496100,96,86,10
495454,96,73,23
490024,96,62,34
456337,96,72,24
431135,96,86,10
416712,96,95,1
413202,96,84,12
413113,96,73,23
400605,96,49,47
370465,96,80,16
363530,96,80,16
361160,96,69,27
328023,96,63,33
321023,96,63,33
314011,96,83,13
303105,96,57,39
284401,96,76,20
284124,96,86,10
276405,96,53,43
263656,96,80,16
248199,96,87,9
247665,96,62,34
243502,96,58,38
231207,96,80,16
224186,96,64,32
222170,96,56,40
212621,96,63,33
207244,96,75,21
203202,96,55,41
180002,96,51,45
176323,96,94,2
132117,96,67,29
847211,95,70,25
845420,95,81,14
843301,95,52,43
825410,95,63,32
813203,95,76,19
786602,95,74,21
783134,95,83,12
591224,95,66,29
585225,95,64,31
584124,95,63,32
583283,95,86,9
572227,95,76,19
471301,95,79,16
445402,95,85,10
444905,95,81,14
443202,95,84,11
423702,95,77,18
416810,95,89,6
413511,95,85,10
383460,95,87,8
361335,95,77,18
334804,95,72,23
333516,95,51,44
326036,95,66,29
324006,95,38,57
312616,95,87,8
302015,95,19,76
283121,95,56,39
282004,95,32,63
282003,95,61,34
276136,95,60,35
271226,95,93,2
249122,95,84,11
246174,95,68,27
244002,95,70,25
229207,95,64,31
222131,95,58,37
212501,95,69,26
181203,95,72,23
127046,95,73,22
121107,95,54,41
851203,94,86,8
813222,94,82,12
786001,94,69,25
781349,94,79,15
586212,94,48,46
486340,94,71,23
462046,94,34,60
441701,94,82,12
416520,94,88,6
415012,94,88,6
413004,94,76,18
412105,94,51,43
410509,94,93,1
396051,94,87,7
394365,94,92,2
394110,94,59,35
332402,94,57,37
325009,94,78,16
324009,94,21,73
322251,94,79,15
314027,94,76,18
313321,94,84,10
303806,94,56,38
303511,94,71,23
301604,94,62,32
301021,94,59,35
284419,94,75,19
281202,94,88,6
276208,94,63,31
272161,94,50,44
272123,94,51,43
262531,94,70,24
250623,94,62,32
247340,94,53,41
246745,94,71,23
232108,94,66,28
230128,94,54,40
228132,94,62,32
224118,94,71,23
209734,94,68,26
203394,94,63,31
192125,94,71,23
175101,94,68,26
844125,93,71,22
843115,93,86,7
833218,93,86,7
824207,93,83,10
824122,93,84,9
814131,93,86,7
805127,93,85,8
795126,93,60,33
788735,93,57,36
786007,93,79,14
785001,93,61,32
783382,93,79,14
577536,93,86,7
495450,93,68,25
486553,93,74,19
483442,93,85,8
475336,93,84,9
473110,93,79,14
457772,93,91,2
450112,93,77,16
425406,93,83,10
422203,93,89,4
413602,93,80,13
413505,93,88,5
413001,93,67,26
411028,93,44,49
400102,93,36,57
342605,93,71,22
331518,93,61,32
311026,93,75,18
305022,93,48,45
302019,93,11,82
273161,93,69,24
272150,93,71,22
262311,93,57,36
246421,93,73,20
231309,93,84,9
228119,93,67,26
223104,93,46,47
209217,93,60,33
203129,93,67,26
184120,93,61,32
176302,93,84,9
131402,93,54,39
841434,92,73,19
841243,92,83,9
841227,92,49,43
804423,92,79,13
802114,92,80,12
802112,92,73,19
801305,92,81,11
799103,92,81,11
796111,92,63,29
787033,92,79,13
786174,92,70,22
785684,92,84,8
785619,92,82,10
781307,92,81,11
781103,92,77,15
591114,92,66,26
585224,92,63,29
581120,92,81,11
572221,92,89,3
494237,92,86,6
482051,92,76,16
466445,92,73,19
465689,92,61,31
458389,92,68,24
456221,92,72,20
453771,92,53,39
451225,92,78,14
415014,92,91,1
414002,92,76,16
400604,92,45,47
400601,92,51,41
388265,92,90,2
384001,92,63,29
382355,92,52,40
382315,92,76,16
380004,92,44,48
341514,92,69,23
334808,92,77,15
312625,92,88,4
303326,92,53,39
283122,92,52,40
251308,92,47,45
248179,92,56,36
233223,92,49,43
231306,92,67,25
230301,92,61,31
230137,92,36,56
223225,92,66,26
204102,92,49,43
193198,92,79,13
176324,92,86,6
136156,92,68,24
843315,91,80,11
826004,91,55,36
821304,91,86,5
813212,91,86,5
813107,91,70,21
798601,91,63,28
791002,91,74,17
784147,91,83,8
590016,91,54,37
585305,91,68,23
573131,91,85,6
572101,91,45,46
561209,91,81,10
486341,91,76,15
466665,91,68,23
464651,91,80,11
464337,91,84,7
462008,91,44,47
442709,91,87,4
441105,91,78,13
431209,91,81,10
416507,91,84,7
416210,91,87,4
384285,91,83,8
363650,91,63,28
345026,91,76,15
342902,91,56,35
328030,91,75,16
311402,91,80,11
246428,91,72,19
222204,91,55,36
206249,91,71,20
190017,91,63,28
176023,91,68,23
854112,90,83,7
852116,90,72,18
845424,90,80,10
814142,90,70,20
803211,90,81,9
797110,90,68,22
793161,90,76,14
785686,90,80,10
781138,90,60,30
781120,90,81,9
585419,90,74,16
585228,90,55,35
572214,90,73,17
560073,90,21,69
560043,90,15,75
496242,90,85,5
486556,90,80,10
484446,90,71,19
482004,90,26,64
470221,90,78,12
444002,90,54,36
440008,90,52,38
425416,90,86,4
425105,90,75,15
416206,90,83,7
413130,90,69,21
401607,90,88,2
400088,90,45,45
391120,90,88,2
363421,90,70,20
342305,90,53,37
341028,90,62,28
325219,90,69,21
311601,90,74,16
277209,90,73,17
249407,90,27,63
246435,90,79,11
244602,90,60,30
233301,90,38,52
233224,90,41,49
232118,90,65,25
230125,90,51,39
208014,90,25,65
206128,90,68,22
194106,90,86,4
185154,90,81,9
185111,90,73,17
184152,90,76,14
171220,90,81,9
136131,90,75,15
853202,89,84,5
848127,89,81,8
847222,89,80,9
841508,89,74,15
821110,89,77,12
811304,89,85,4
802204,89,85,4
796009,89,51,38
788110,89,75,14
591307,89,46,43
586209,89,40,49
585412,89,59,30
583236,89,66,23
581111,89,73,16
572123,89,83,6
572104,89,59,30
562129,89,76,13
458113,89,62,27
444601,89,65,24
441107,89,69,20
431144,89,82,7
421202,89,42,47
415501,89,80,9
401605,89,79,10
382870,89,64,25
361210,89,57,32
325602,89,67,22
313204,89,78,11
303107,89,46,43
283113,89,75,14
276301,89,56,33
273211,89,67,22
272164,89,61,28
248142,89,43,46
246449,89,82,7
246424,89,79,10
243506,89,69,20
221201,89,56,33
212302,89,42,47
125201,89,63,26
844126,88,75,13
821301,88,72,16
814167,88,82,6
795130,88,66,22
795116,88,72,16
788120,88,81,7
788104,88,64,24
786125,88,53,35
737113,88,63,25
587315,88,59,29
585309,88,76,12
583238,88,70,18
577538,88,79,9
573130,88,83,5
572102,88,38,50
481776,88,67,21
481337,88,66,22
442902,88,69,19
431134,88,71,17
414106,88,77,11
400080,87,52,35
393110,88,81,7
384240,88,81,7
360007,88,11,77
313322,88,73,15
312205,88,69,19
305814,88,59,29
284302,88,70,18
276404,88,54,34
275201,88,43,45
263667,88,80,8
250101,88,59,29
249181,88,83,5
247453,88,49,39
246439,88,73,15
233303,88,49,39
227304,88,65,23
212204,88,40,48
209867,88,67,21
203390,88,55,33
190003,88,64,24
181224,88,74,14
847306,87,79,8
815315,87,79,8
804407,87,80,7
803119,87,75,12
803108,87,75,12
788728,87,67,20
786182,87,70,17
786160,87,75,12
785693,87,80,7
784101,87,67,20
781375,87,75,12
581205,87,74,13
571422,87,71,16
563139,87,84,3
563138,87,78,9
563129,87,84,3
560036,87,18,69
488050,87,70,17
477335,87,78,9
473118,87,72,15
466120,87,67,20
453661,87,76,11
453220,87,59,28
450771,87,73,14
444807,87,86,1
441225,87,81,6
431132,87,70,17
421501,87,41,46
416704,87,86,1
416213,87,74,13
413514,87,81,6
413221,87,79,8
403702,87,85,2
394445,87,85,2
384245,87,81,6
383246,87,85,2
342901,87,60,27
335024,87,71,16
305407,87,66,21
304804,87,50,37
275303,87,68,19
244225,87,62,25
233307,87,49,38
231212,87,74,13
227411,87,66,21
225416,87,67,20
222132,87,56,31
212659,87,54,33
184101,87,48,39
176312,87,77,10
176001,87,65,22
175029,87,79,8
854303,86,66,20
851101,86,42,44
844113,86,69,17
843107,86,81,5
841401,86,74,12
841205,86,72,14
816110,86,81,5
804432,86,85,1
802312,86,74,12
793005,86,63,23
792122,86,67,19
792120,86,81,5
785672,86,84,2
784521,86,67,19
591309,86,65,21
587206,86,73,13
577227,86,73,13
560049,86,36,50
495683,86,78,8
493114,86,69,17
441217,86,83,3
431109,86,49,37
425432,86,82,4
415521,86,81,5
415109,86,74,12
413706,86,77,9
396560,86,75,11
396001,86,48,38
394440,86,82,4
388001,86,46,40
341506,86,58,28
341031,86,56,30
332708,86,49,37
332705,86,68,18
311021,86,55,31
303905,86,37,49
303315,86,54,32
303009,86,60,26
284406,86,50,36
284203,86,66,20
283126,86,42,44
277304,86,65,21
276124,86,61,25
249132,86,78,8
246444,86,74,12
246275,86,76,10
246155,86,74,12
243407,86,76,10
241563,86,80,6
208007,86,12,74
206120,86,70,16
205301,86,43,43
202127,86,60,26
175125,86,70,16
173104,86,77,9
134202,86,73,13
853203,85,73,12
847403,85,71,14
847308,85,78,7
845411,85,67,18
841241,85,64,21
841221,85,71,14
825315,85,69,16
824121,85,82,3
811104,85,75,10
803302,85,76,9
802152,85,63,22
802132,85,81,4
802126,85,77,8
801306,85,73,12
795123,85,61,24
795104,85,71,14
793018,85,59,26
784528,85,72,13
784172,85,73,12
783122,85,73,12
586217,85,68,17
583232,85,69,16
463111,85,64,21
451667,85,73,12
442104,85,79,6
441905,85,80,5
416502,85,65,20
415612,85,69,16
412205,85,71,14
388713,85,80,5
384355,85,77,8
380016,85,35,50
341024,85,48,37
341022,85,59,26
303348,85,54,31
274701,85,41,44
227407,85,71,14
212203,85,49,36
209735,85,54,31
208017,85,12,73
202165,85,48,37
192122,85,66,19
190011,85,54,31
176206,85,75,10
125103,85,67,18
852108,84,61,23
851213,84,75,9
848130,84,72,12
843105,84,78,6
802164,84,81,3
802128,84,76,8
799277,84,72,12
799271,84,76,8
795008,84,65,19
786154,84,74,10
781329,84,76,8
581314,84,77,7
572112,84,79,5
572106,84,65,19
563136,84,81,3
562125,84,42,42
560016,84,23,61
493116,84,73,11
486550,84,66,18
485778,84,65,19
483001,84,64,20
464258,84,66,18
464220,84,75,9
455115,84,63,21
445323,84,79,5
431720,84,72,12
431208,84,67,17
425109,84,64,20
403506,84,84,0
391770,84,78,6
385360,84,81,3
383250,84,76,8
331027,84,47,37
322219,84,51,33
314032,84,73,11
313601,84,62,22
311806,84,64,20
311805,84,72,12
303004,84,60,24
284122,84,65,19
262521,84,70,14
246735,84,53,31
245412,84,34,50
232107,84,50,34
225414,84,68,16
224155,84,47,37
224116,84,68,16
203398,84,51,33
202132,84,50,34
202126,84,58,26
190001,84,40,44
184142,84,65,19
132113,84,53,31
852114,83,79,4
847230,83,69,14
821111,83,75,8
799203,83,77,6
796005,83,55,28
795102,83,75,8
786003,83,63,20
785676,83,74,9
784179,83,78,5
591115,83,66,17
586215,83,72,11
585413,83,69,14
580001,83,44,39
572119,83,81,2
560076,83,18,65
495006,83,54,29
488059,83,70,13
484776,83,71,12
481551,83,77,6
465110,83,54,29
462420,83,67,16
431147,83,79,4
370205,83,35,48
361170,83,62,21
303804,83,49,34
285127,83,65,18
276207,83,54,29
274201,83,58,25
263661,83,79,4
246455,83,73,10
246144,83,78,5
245201,83,59,24
231225,83,60,23
227807,83,67,16
224168,83,58,25
184210,83,70,13
182301,83,60,23
175105,83,74,9
848302,82,66,16
847422,82,76,6
841233,82,64,18
829112,82,67,15
821103,82,71,11
814114,82,67,15
801108,82,68,14
796161,82,58,24
788832,82,79,3
788160,82,42,40
786183,82,75,7
785682,82,75,7
784523,82,66,16
784103,82,50,32
782447,82,65,17
591213,82,59,23
586211,82,69,13
584102,82,55,27
577530,82,64,18
573213,82,68,14
572213,82,78,4
572116,82,75,7
563128,82,73,9
563102,82,70,12
560099,82,31,51
495004,82,53,29
491230,82,78,4
480557,82,76,6
472246,82,72,10
466111,82,62,20
431008,82,49,33
423212,82,77,5
416212,82,77,5
415409,82,57,25
413107,82,68,14
396521,82,67,15
391125,82,81,1
388620,82,62,20
382308,82,76,6
380005,82,38,44
344801,82,63,19
331411,82,48,34
323602,82,56,26
311011,82,60,22
306902,82,37,45
305813,82,58,24
303507,82,56,26
281004,82,55,27
246732,82,64,18
246276,82,78,4
245301,82,44,38
231219,82,54,28
230501,82,47,35
229307,82,51,31
212208,82,33,49
175134,82,78,4
126101,82,52,30
851217,81,73,8
851216,81,77,4
848505,81,68,13
848134,81,74,7
846005,81,70,11
841412,81,71,10
841208,81,70,11
814143,81,69,12
804402,81,63,18
797101,81,69,12
793009,81,57,24
792105,81,70,11
784508,81,68,13
781377,81,71,10
591120,81,76,5
585218,81,62,19
577529,81,73,8
577204,81,33,48
572140,81,76,5
572118,81,70,11
571604,81,75,6
563124,81,66,15
483330,81,69,12
474005,81,19,62
460663,81,75,6
458220,81,63,18
457331,81,54,27
431704,81,64,17
425428,81,79,2
425310,81,72,9
423107,81,61,20
400064,81,36,45
400008,81,54,27
394635,81,77,4
393041,81,78,3
364515,81,42,39
363510,81,72,9
341519,81,62,19
334604,81,62,19
332041,81,51,30
325003,81,57,24
324007,81,24,57
323616,81,63,18
323301,81,50,31
323025,81,63,18
322236,81,58,23
322220,81,44,37
313329,81,54,27
312203,81,64,17
303119,81,50,31
301035,81,60,21
272181,81,58,23
263624,81,76,5
249201,81,22,59
248143,81,63,18
243751,81,55,26
243501,81,45,36
232333,81,43,38
229411,81,44,37
221207,81,51,30
221107,81,37,44
203392,81,41,40
181202,81,61,20
173229,81,73,8
847303,80,71,9
847212,80,67,13
843319,80,74,6
842004,80,62,18
832304,80,66,14
829117,80,56,24
811202,80,70,10
795114,80,60,20
787051,80,63,17
785664,80,73,7
785603,80,61,19
781333,80,63,17
781303,80,71,9
591117,80,64,16
586202,80,55,25
582103,80,55,25
582102,80,61,19
577116,80,69,11
573121,80,74,6
563127,80,78,2
563126,80,74,6
561211,80,74,6
464671,80,69,11
462120,80,71,9
456440,80,61,19
452015,80,16,64
444805,80,63,17
431604,80,64,16
414302,80,69,11
414103,80,72,8
412203,80,70,10
400071,80,54,26
400017,80,40,40
396125,80,59,21
395007,80,38,42
322203,80,61,19
307801,80,45,35
303602,80,56,24
301413,80,54,26
281302,80,53,27
277302,80,57,23
273203,80,51,29
263646,80,75,5
261506,80,69,11
212213,80,44,36
209311,80,52,28
204213,80,46,34
202411,80,47,33
202141,80,51,29
202002,80,31,49
175032,80,69,11
175005,80,75,5
174029,80,64,16
125075,80,64,16
851205,79,69,10
845429,79,72,7
841440,79,62,17
804454,79,74,5
799286,79,73,6
798616,79,68,11
784506,79,59,20
782427,79,64,15
782410,79,65,14
781337,79,64,15
781334,79,64,15
591311,79,59,20
587312,79,59,20
585221,79,59,20
583119,79,50,29
486776,79,65,14
481665,79,76,3
465220,79,61,18
441201,79,72,7
431710,79,67,12
400606,79,49,30
394540,79,59,20
388180,79,70,9
380013,79,36,43
363030,79,47,32
361001,79,23,56
331501,79,38,41
326021,79,62,17
314038,79,57,22
313905,79,70,9
313341,79,65,14
272172,79,52,27
263679,79,73,6
263134,79,74,5
262541,79,73,6
247671,79,55,24
230143,79,48,31
224172,79,62,17
224164,79,44,35
222101,79,50,29
212218,79,48,31
193504,79,66,13
185153,79,63,16
176125,79,58,21
132107,79,43,36
127032,79,47,32
848205,78,68,10
847233,78,74,4
802220,78,64,14
799105,78,73,5
794001,78,57,21
786158,78,68,10
785696,78,72,6
781355,78,74,4
781122,78,68,10
584143,78,54,24
583218,78,59,19
582209,78,57,21
581359,78,75,3
581109,78,71,7
571441,78,68,10
561213,78,62,16
464226,78,70,8
456770,78,60,18
431143,78,71,7
423403,78,73,5
416403,78,71,7
415620,78,77,1
410101,78,68,10
390019,78,33,45
388540,78,58,20
383305,78,74,4
382220,78,62,16
365421,78,51,27
362275,78,50,28
332024,78,54,24
328029,78,52,26
327026,78,63,15
322202,78,52,26
311407,78,63,15
307024,78,66,12
306126,78,60,18
303510,78,55,23
303110,78,44,34
282002,78,29,49
274403,78,53,25
262402,78,40,38
248158,78,75,3
224231,78,52,26
224137,78,52,26
224119,78,60,18
222181,78,49,29
212651,78,51,27
209726,78,49,29
209304,78,63,15
202281,78,46,32
184104,78,60,18
181133,78,42,36
125053,78,53,25
125047,78,52,26
125005,78,38,40
848502,77,67,10
847239,77,67,10
847102,77,71,6
841420,77,69,8
835233,77,72,5
833203,77,68,9
831001,77,39,38
823002,77,41,36
812001,77,45,32
802222,77,70,7
802214,77,69,8
802206,77,71,6
802134,77,66,11
795147,77,70,7
793002,77,51,26
788719,77,55,22
788709,77,60,17
784180,77,72,5
586208,77,56,21
586124,77,47,30
586118,77,47,30
583279,77,65,12
581202,77,63,14
577533,77,74,3
496115,77,70,7
485113,77,61,16
462021,77,23,54
458669,77,52,25
444606,77,47,30
431207,77,70,7
421605,77,33,44
416101,77,61,16
412218,77,73,4
412106,77,71,6
400607,77,31,46
400060,77,47,30
393135,77,72,5
387001,77,40,37
364240,77,62,15
333307,77,43,34
331024,77,43,34
313611,77,69,8
307513,77,55,22
303102,77,44,33
284201,77,50,27
283152,77,66,11
283135,77,21,56
276302,77,37,40
275301,77,58,19
274205,77,58,19
263632,77,63,14
262553,77,73,4
251317,77,33,44
249204,77,31,46
233231,77,52,25
221206,77,47,30
209112,77,68,9
208002,77,30,47
205141,77,52,25
204211,77,60,17
194301,77,74,3
175009,77,74,3
174021,77,57,20
171206,77,69,8
852107,76,69,7
845427,76,71,5
843332,76,66,10
843129,76,71,5
841504,76,50,26
841411,76,69,7
812004,76,66,10
799270,76,70,6
796070,76,58,18
794101,76,53,23
788156,76,64,12
785636,76,70,6
587203,76,61,15
583222,76,55,21
583126,76,65,11
573219,76,73,3
571416,76,73,3
487225,76,65,11
481883,76,73,3
471411,76,56,20
462044,76,40,36
460554,76,71,5
450221,76,71,5
444401,76,66,10
444302,76,62,14
441205,76,69,7
413209,76,61,15
411048,76,25,51
400022,76,58,18
395005,76,26,50
392150,76,62,14
391510,76,71,5
370155,76,74,2
362650,76,65,11
333023,76,39,37
332027,76,56,20
322249,76,67,9
322234,76,49,27
303001,76,49,27
301401,76,47,29
250601,76,55,21
228142,76,54,22
224195,76,48,28
221713,76,41,35
210425,76,54,22
209652,76,58,18
202410,76,60,16
202135,76,44,32
176047,76,58,18
175013,76,74,2
134118,75,61,14
126113,76,51,25
123106,76,47,29
854108,75,67,8
845406,75,55,20
841410,75,67,8
835228,75,67,8
784001,75,58,17
782128,75,61,14
591306,75,42,33
587118,75,55,20
586103,75,28,47
585417,75,61,14
580008,75,40,35
580007,75,61,14
577418,75,69,6
577006,75,35,40
572121,75,69,6
477331,75,69,6
473865,75,65,10
470118,75,61,14
431713,75,73,2
431151,75,68,7
414701,75,69,6
410208,75,49,26
402302,75,66,9
388225,75,65,10
362260,75,51,24
360025,75,52,23
333029,75,44,31
322024,75,49,26
321633,75,53,22
303003,75,45,30
272128,75,52,23
271301,75,53,22
262906,75,51,24
262552,75,66,9
243725,75,48,27
227125,75,59,16
222144,75,43,32
212405,75,44,31
209209,75,52,23
209203,75,67,8
203395,75,29,46
201003,75,27,48
192306,75,64,11
171007,75,65,10
133206,75,62,13
126114,75,61,14
847229,74,67,7
845425,74,67,7
844123,74,67,7
844111,74,66,8
841423,74,68,6
828401,74,52,22
828116,74,39,35
816129,74,71,3
811107,74,71,3
803109,74,66,8
801105,74,64,10
798618,74,58,16
785625,74,68,6
781125,74,60,14
673639,74,54,20
586205,74,54,20
586115,74,48,26
585321,74,69,5
577502,74,48,26
577413,74,65,9
573216,74,69,5
572127,74,67,7
562135,74,51,23
495220,74,61,13
493113,74,64,10
487337,74,63,11
486123,74,65,9
473440,74,61,13
470120,74,67,7
453111,74,46,28
444708,74,67,7
444102,74,64,10
431104,74,62,12
422606,74,69,5
421004,74,44,30
414005,74,62,12
413523,74,70,4
411041,74,21,53
394380,74,74,0
389390,74,64,10
364750,74,58,16
332025,74,35,39
322254,74,45,29
314401,74,66,8
314029,74,67,7
306022,74,58,16
303006,74,57,17
303002,74,46,28
272191,74,56,18
262726,74,64,10
251203,74,41,33
248125,74,47,27
247670,74,44,30
246472,74,70,4
244303,74,41,33
232102,74,49,25
230134,74,39,35
228125,74,55,19
225401,74,67,7
206251,74,43,31
173223,73,70,3
171011,74,60,14
125077,74,55,19
854107,73,66,7
845457,73,62,11
845435,73,70,3
843123,73,64,9
843112,73,63,10
805107,73,66,7
803214,73,65,8
785634,73,63,10
737139,73,54,19
585290,73,52,21
573210,73,66,7
494556,73,68,5
487555,73,60,13
466661,73,50,23
462036,73,43,30
445207,73,68,5
441904,73,48,25
423703,73,67,6
422620,73,71,2
413524,73,67,6
410506,73,51,22
402111,73,70,3
402103,73,64,9
391240,73,56,17
388220,73,56,17
383330,73,67,6
361005,73,32,41
360575,73,41,32
342304,73,28,45
335039,73,58,15
332023,73,46,27
307511,73,48,25
303704,73,32,41
303325,73,52,21
273309,73,45,28
263628,73,64,9
262805,73,63,10
230502,73,50,23
221302,73,34,39
205130,73,57,16
182161,73,70,3
175106,73,67,6
134205,73,71,2
854336,72,54,18
853205,72,71,1
848501,72,65,7
848236,72,63,9
816105,72,66,6
795127,72,61,11
788726,72,60,12
788005,72,57,15
785107,72,63,9
781302,72,57,15
737116,72,61,11
737101,72,38,34
583132,72,36,36
571439,72,60,12
571421,72,63,9
571127,72,67,5
571125,72,62,10
571109,72,65,7
570026,72,49,23
563159,72,70,2
488222,72,65,7
450114,72,61,11
444901,72,65,7
443203,72,61,11
441906,71,59,12
422209,72,56,16
416214,72,70,2
415111,72,63,9
413522,72,60,12
401305,72,21,51
389152,72,68,4
387335,72,68,4
384170,72,58,14
382210,72,40,32
363440,72,64,8
363410,72,56,16
342801,72,54,18
331506,72,44,28
322240,72,45,27
306115,72,37,35
305922,72,57,15
305412,72,53,19
272148,72,51,21
262554,72,62,10
250221,72,35,37
249135,72,65,7
246277,72,68,4
227413,72,51,21
221406,72,48,24
221306,72,37,35
211006,72,16,56
209747,72,53,19
209312,72,59,13
181131,72,46,26
176319,72,66,6
175027,72,59,13
171226,72,68,4
124501,72,36,36
854332,71,68,3
847302,71,57,14
843325,71,67,4
841416,71,54,17
835325,71,62,9
800009,71,41,30
799263,71,63,8
795139,71,63,8
788166,71,61,10
786611,71,58,13
785101,71,63,8
782412,71,68,3
781311,71,51,20
591232,71,64,7
586127,71,53,18
586125,71,53,18
585324,71,56,15
582114,71,52,19
581325,71,63,8
562131,71,70,1
562107,71,40,31
560082,71,35,36
491338,71,61,10
484116,71,59,12
482005,71,44,27
458330,71,48,23
457339,71,58,13
457222,71,57,14
444704,71,59,12
422215,71,64,7
416516,71,68,3
413317,71,66,5
413310,71,58,13
413222,71,61,10
411037,71,38,33
403505,71,68,3
396040,71,60,11
335702,71,52,19
333022,71,39,32
332021,71,48,23
322702,71,46,25
321406,71,33,38
307802,71,46,25
283145,71,48,23
276139,71,35,36
274501,71,40,31
272199,71,60,11
249408,71,34,37
249186,71,58,13
247664,71,47,24
246173,71,68,3
225207,71,55,16
222604,71,2,69
222105,71,39,32
190015,71,33,38
172101,71,67,4
171103,71,62,9
136033,71,52,19
125111,71,48,23
123411,71,52,19
847307,70,64,6
845430,70,64,6
814113,70,65,5
804426,70,64,6
803113,70,49,21
794112,70,61,9
787035,70,59,11
781328,70,61,9
587330,70,61,9
585437,70,63,7
585329,70,56,14
580028,70,54,16
580020,70,45,25
577547,70,64,6
577511,70,67,3
573135,70,59,11
572228,70,68,2
572107,70,59,11
562149,70,40,30
560100,70,18,52
477227,70,60,10
473662,70,68,2
440035,70,46,24
440013,70,30,40
431803,70,65,5
431519,70,65,5
425103,70,60,10
415639,70,56,14
415611,70,69,1
411038,70,34,36
411030,70,50,20
411006,70,44,26
400074,70,37,33
370655,70,65,5
335502,70,44,26
335022,70,57,13
321302,70,41,29
313022,70,56,14
312402,70,53,17
303502,70,52,18
281406,70,46,24
274603,70,41,29
271870,70,56,14
241501,70,64,6
231231,70,33,37
227101,70,62,8
224188,70,36,34
221008,70,24,46
209743,70,59,11
207505,70,29,41
194102,70,65,5
182147,70,62,8
854201,69,65,4
851131,69,57,12
844124,69,51,18
841408,69,55,14
829134,69,55,14
829107,69,55,14
802133,69,44,25
801113,69,58,11
793004,69,45,24
783369,69,55,14
781343,69,54,15
781310,69,54,15
781304,69,60,9
583228,69,52,17
583137,69,64,5
583115,69,46,23
581208,69,61,8
573112,69,62,7
571617,69,64,5
563121,69,57,12
560097,69,19,50
494005,69,64,5
470228,69,56,13
452012,69,23,46
441221,69,63,6
431150,69,58,11
431115,69,61,8
425503,69,59,10
413005,69,62,7
410210,69,20,49
396126,69,62,7
394370,69,65,4
389146,69,66,3
385135,69,61,8
364150,69,51,18
345024,69,61,8
333704,69,41,28
333053,69,46,23
325206,69,49,20
324010,69,25,44
314023,69,59,10
307023,69,52,17
305023,69,28,41
302022,69,18,51
276127,69,45,24
262532,69,61,8
262407,69,46,23
251310,69,20,49
251305,69,38,31
249301,69,59,10
246162,69,63,6
233311,69,34,35
226102,69,38,31
224210,69,51,18
224135,69,29,40
209738,69,49,20
206246,69,56,13
203141,69,50,19
845413,68,65,3
845315,68,60,8
843326,68,58,10
821116,68,66,2
804418,68,61,7
799260,68,63,5
799141,68,66,2
797107,68,49,19
795101,68,51,17
788711,68,44,24
788009,68,61,7
744202,68,62,6
586123,68,48,20
585331,68,49,19
585265,68,53,15
577432,68,56,12
577139,68,63,5
572113,68,59,9
571189,68,60,8
560085,68,9,59
560037,68,22,46
490006,68,27,41
465113,68,46,22
452009,68,10,58
452006,68,23,45
441924,68,63,5
441803,68,57,11
441208,68,57,11
431211,68,59,9
421204,68,35,33
415013,68,65,3
414105,68,60,8
402401,68,55,13
400037,68,39,29
393115,68,60,8
387430,68,61,7
380015,68,16,52
362265,68,24,44
341504,68,53,15
341316,68,39,29
332404,68,27,41
321409,68,46,22
313202,68,59,9
301030,68,38,30
283119,68,51,17
277121,68,60,8
274601,68,43,25
273406,68,43,25
273153,68,57,11
263676,68,66,2
262905,68,58,10
243401,68,57,11
232331,68,39,29
229310,68,47,21
224234,68,52,16
211016,68,22,46
201304,68,21,47
194302,68,62,6
184151,68,54,14
180017,68,55,13
176201,68,54,14
132116,68,46,22
131023,68,33,35
125078,68,59,9
841435,67,58,9
841414,67,53,14
828305,67,37,30
802165,67,56,11
788002,67,55,12
573122,67,65,2
572201,67,50,17
571402,67,45,22
571218,67,47,20
571103,67,60,7
493331,67,57,10
431125,67,62,5
423208,67,62,5
413322,67,65,2
412805,67,32,35
410507,67,51,16
403512,67,65,2
400709,67,21,46
400092,67,41,26
400050,67,39,28
389360,67,65,2
365640,67,49,18
343042,67,45,22
322213,67,46,21
314031,67,59,8
306702,67,41,26
306001,67,41,26
263140,67,47,20
262544,67,63,4
229506,67,30,37
225403,67,55,12
224209,67,44,23
222148,67,36,31
205119,67,44,23
185156,67,59,8
176022,67,50,17
127030,67,52,15
122413,67,40,27
852110,66,59,7
845458,66,51,15
829122,66,24,42
813110,66,63,3
804427,66,61,5
804425,66,60,6
795118,66,56,10
788126,66,56,10
788114,66,60,6
788026,66,58,8
783354,66,43,23
781340,66,50,16
590010,66,40,26
585311,66,52,14
572139,66,62,4
571428,66,38,28
560074,66,37,29
560047,66,26,40
481332,66,54,12
480442,66,57,9
476219,66,58,8
472339,66,57,9
472010,66,60,6
454775,66,34,32
450337,66,55,11
443204,66,54,12
443106,66,50,16
431212,66,55,11
416512,66,62,4
416301,66,55,11
416230,66,61,5
415711,66,61,5
415514,66,59,7
413120,66,63,3
413104,66,58,8
400083,66,40,26
391140,66,65,1
383355,66,63,3
370145,66,65,1
370105,66,56,10
365440,66,47,19
362020,66,47,19
360530,66,51,15
332403,66,38,28
321411,66,53,13
321405,66,46,20
314021,66,53,13
312620,66,48,18
274182,66,42,24
271861,66,46,20
249199,66,53,13
249121,66,57,9
230306,66,46,20
229413,66,35,31
203203,66,54,12
132036,66,37,29
123024,66,57,9
852121,65,51,14
851212,65,58,7
848208,65,58,7
847104,65,54,11
845414,65,60,5
843330,65,62,3
841441,65,50,15
841413,65,57,8
828204,65,50,15
802125,65,52,13
802122,65,56,9
800020,65,23,42
800002,65,36,29
798625,65,52,13
795132,65,43,22
792131,65,59,6
788733,65,43,22
787001,65,46,19
786614,65,59,6
782003,65,49,16
591248,65,54,11
587154,65,52,13
586120,65,54,11
585418,65,48,17
585414,65,39,26
581318,65,60,5
577520,65,55,10
560105,65,37,28
560084,65,20,45
484336,65,51,14
481884,65,64,1
480881,65,61,4
452005,65,10,55
415124,65,50,15
414306,65,56,9
400086,65,51,14
384210,65,56,9
364002,65,25,40
363001,65,22,43
342013,65,21,44
335027,65,47,18
326518,65,50,15
313614,65,60,5
313024,65,52,13
306603,65,40,25
305204,65,41,24
305025,65,41,24
303803,65,42,23
303506,65,44,21
303304,65,53,12
283207,65,58,7
274703,65,47,18
262561,65,59,6
246169,65,57,8
246141,65,57,8
243402,65,54,11
242227,65,36,29
233232,65,36,29
222135,65,38,27
208019,65,11,54
176031,65,50,15
173206,65,55,10
171217,65,60,5
127028,65,46,19
124106,65,46,19
847423,64,59,5
847240,64,59,5
841415,64,60,4
841203,64,55,9
835305,64,61,3
828306,64,29,35
824123,64,54,10
804429,64,63,1
795125,64,61,3
793103,64,41,23
786103,64,60,4
781371,64,55,9
587122,64,50,14
586114,64,48,16
585322,64,60,4
577552,64,53,11
577214,64,60,4
577202,64,43,21
573111,64,62,2
571424,64,51,13
560062,64,15,49
484114,64,46,18
483105,64,48,16
475002,64,57,7
457336,64,53,11
444808,64,62,2
440027,64,29,35
431742,64,62,2
425301,64,59,5
416229,64,54,10
413709,64,44,20
413253,64,60,4
413219,64,57,7
413112,64,58,6
412216,64,48,16
401203,64,14,50
387640,64,63,1
362620,64,50,14
361280,64,54,10
335002,64,40,24
331303,64,48,16
325223,64,52,12
321609,64,31,33
321028,64,40,24
248198,64,27,37
230144,64,33,31
229209,64,54,10
225122,64,53,11
224203,64,26,38
221602,64,43,21
221115,64,41,23
210504,64,51,13
209827,64,50,14
209745,64,55,9
208022,64,7,57
207402,64,51,13
206255,64,49,15
203396,64,39,25
175049,64,57,7
173212,64,46,18
171209,64,56,8
135021,64,51,13
133104,64,45,19
132054,64,55,9
123034,64,50,14
122506,64,43,21
852132,63,52,11
847236,63,56,7
844507,63,59,4
844112,63,58,5
841505,63,54,9
841235,63,49,14
841215,63,52,11
805129,63,61,2
802217,63,60,3
799035,63,58,5
790001,63,51,12
785618,63,58,5
591233,63,54,9
583104,63,26,37
582112,63,55,8
577540,63,51,12
577126,63,55,8
575001,63,39,24
572222,63,62,1
572135,63,61,2
572111,63,55,8
571418,63,60,3
561101,63,57,6
560072,63,17,46
560040,63,24,39
560023,63,27,36
495553,63,48,15
480108,63,50,13
477117,63,53,10
474002,63,16,47
461221,63,51,12
456664,63,45,18
455221,63,42,21
450991,63,53,10
440018,63,45,18
431102,63,56,7
416216,63,52,11
415608,63,59,4
415604,63,60,3
413544,63,59,4
413525,63,54,9
413103,63,58,5
402120,63,62,1
393140,63,62,1
385505,63,60,3
382480,63,21,42
370020,63,44,19
364310,63,60,3
360590,63,49,14
360579,63,52,11
342021,63,50,13
335511,63,30,33
321402,63,34,29
313327,63,52,11
312206,63,40,23
311030,63,55,8
307803,63,40,23
301414,63,45,18
281123,63,55,8
272170,63,28,35
271824,63,45,18
271609,63,40,23
263626,63,56,7
251306,63,28,35
250622,63,46,17
246401,63,38,25
212650,63,47,16
193202,63,47,16
175142,63,62,1
175040,63,52,11
127310,63,49,14
848160,62,55,7
847337,62,60,2
845423,62,58,4
841442,62,51,11
828111,62,41,21
811309,62,55,7
798604,62,53,9
792001,62,51,11
788168,62,40,22
673638,62,47,15
591212,62,56,6
591201,62,34,28
587204,62,53,9
586210,62,46,16
577541,62,58,4
577434,62,58,4
577221,62,53,9
577134,62,52,10
572122,62,60,2
571301,62,42,20
495009,62,46,16
487770,62,52,10
481224,62,59,3
472101,62,60,2
464113,62,58,4
457556,62,57,5
441809,62,61,1
440001,62,31,31
422001,62,50,12
416511,62,57,5
411044,62,24,38
411039,62,40,22
396105,62,52,10
394230,62,21,41
389340,62,57,5
389330,62,43,19
382460,62,44,18
382443,62,18,44
361320,62,52,10
341026,62,35,27
326501,62,49,13
301427,62,39,23
271901,62,47,15
263631,62,56,6
262576,62,54,8
249404,62,29,33
225405,62,48,14
210422,62,53,9
182126,62,50,12
181204,62,53,9
173207,62,54,8
845431,61,58,3
841211,61,52,9
833101,61,55,6
802163,61,57,4
799004,61,54,7
788098,61,51,10
786621,61,53,8
785010,61,50,11
785006,61,50,11
784113,61,52,9
781301,61,48,13
670645,61,48,13
591129,61,52,9
584139,61,55,6
581322,61,60,1
577426,61,56,5
574227,61,37,24
572128,61,60,1
571605,61,58,3
571425,61,56,5
560090,61,19,42
560021,61,30,31
560004,61,24,37
494456,61,60,1
490042,61,40,21
481116,61,54,7
475005,61,39,22
470675,61,51,10
460004,61,54,7
454276,61,57,4
451443,61,57,4
444717,61,59,2
441103,61,56,5
441101,61,58,3
431201,61,53,8
425302,61,52,9
424106,61,59,2
423204,61,58,3
422303,61,48,13
422009,61,37,24
416109,61,38,23
413728,61,55,6
412303,61,52,9
411017,61,29,32
402201,61,45,16
401202,61,23,38
394630,61,57,4
389232,61,55,6
388450,61,49,12
382421,61,22,39
382120,61,58,3
380028,61,24,37
361012,61,54,7
345033,61,48,13
341302,61,36,25
332710,61,42,19
331811,61,31,30
322033,61,52,9
321231,61,14,47
314028,61,51,10
312623,61,48,13
305926,61,56,5
305802,61,34,27
249001,61,45,16
246130,61,49,12
230138,61,35,26
222149,61,41,20
222128,61,38,23
221706,61,47,14
212661,61,44,17
209864,61,51,10
209602,61,40,21
207503,61,45,16
203405,61,36,25
201002,61,13,48
173221,61,55,6
173217,60,55,5
133004,61,50,11
132104,61,47,14
122503,61,38,23
847407,60,56,4
843110,60,57,3
841419,60,56,4
835221,60,51,9
825316,60,38,22
824219,60,55,5
802155,60,52,8
795145,60,51,9
793003,60,38,22
791101,60,45,15
788816,60,48,12
784153,60,55,5
737132,60,36,24
591106,60,56,4
587113,60,51,9
586130,60,43,17
586122,60,44,16
585308,60,45,15
585307,60,41,19
585213,60,48,12
585201,60,40,20
582120,60,54,6
577111,60,50,10
573119,60,55,5
573118,60,57,3
571455,60,51,9
571433,60,56,4
560096,60,23,37
560022,60,28,32
495448,60,54,6
492099,60,28,32
475686,60,49,11
463101,60,34,26
441002,60,43,17
413603,60,55,5
412214,60,53,7
402305,60,58,2
402112,60,59,1
401101,60,19,41
382440,60,15,45
382346,60,11,49
345031,60,48,12
334601,60,45,15
332602,60,29,31
328041,60,47,13
328031,60,46,14
322030,60,38,22
306105,60,45,15
301412,60,44,16
263634,60,51,9
263150,60,56,4
262580,60,56,4
261208,60,2,58
247668,60,41,19
246440,60,57,3
232340,60,30,30
232332,60,33,27
226303,60,50,10
224127,60,34,26
222301,60,28,32
190018,60,36,24
132024,60,32,28
127043,60,47,13
125044,60,27,33
848206,59,56,3
845428,59,49,10
843322,59,43,16
843108,59,36,23
841236,59,40,19
835304,59,51,8
832110,59,16,43
805121,59,55,4
799264,59,51,8
797104,59,41,18
795146,59,45,14
795131,59,41,18
785674,59,57,2
785633,59,51,8
784527,59,53,6
784167,59,51,8
784105,59,48,11
783333,59,44,15
781338,59,50,9
671314,59,44,15
605110,59,31,28
587103,59,39,20
585411,59,50,9
581213,59,47,12
577599,59,50,9
577557,59,55,4
577553,59,55,4
577223,59,50,9
573128,59,58,1
572138,59,57,2
571315,59,55,4
562126,59,53,6
562108,59,55,4
493195,59,50,9
487881,59,48,11
485112,59,46,13
477333,59,53,6
474011,59,11,48
466221,59,34,25
465339,59,41,18
456661,59,47,12
451552,59,57,2
416606,59,57,2
416601,59,55,4
415606,59,53,6
415405,59,57,2
412402,59,55,4
402108,59,53,6
390001,59,27,32
388230,59,58,1
365220,59,48,11
361306,59,56,3
344705,59,55,4
342006,59,16,43
324004,59,16,43
322028,59,42,17
313205,59,37,22
312204,59,48,11
306304,59,46,13
303327,59,35,24
276125,59,31,28
262529,59,56,3
242306,59,38,21
241407,59,44,15
241125,59,44,15
230405,59,30,29
227814,59,41,18
227812,59,37,22
224201,59,30,29
211004,59,16,43
202170,59,38,21
175102,59,55,4
175035,59,54,5
171213,59,51,8
171201,59,52,7
135101,59,44,15
122102,59,32,27
852109,58,52,6
851120,58,48,10
847106,58,45,13
841460,58,53,5
835217,58,28,30
824127,58,52,6
804405,58,56,2
801112,58,50,8
785697,58,53,5
784027,58,50,8
671323,58,34,24
670702,58,48,10
586102,58,30,28
583120,58,37,21
583116,58,33,25
581358,58,56,2
581346,58,56,2
581210,58,52,6
571405,58,55,3
570010,58,50,8
563160,58,47,11
562132,58,54,4
495003,58,45,13
474012,58,11,47
472447,58,51,7
464672,58,53,5
462016,58,13,45
458339,58,43,15
455339,58,49,9
445306,58,54,4
445105,58,50,8
444706,58,53,5
444504,58,51,7
444405,58,55,3
442604,58,55,3
441306,58,52,6
431809,58,50,8
423205,58,47,11
423105,58,44,14
413608,58,50,8
413319,58,52,6
413229,58,57,1
396055,58,55,3
395009,58,14,44
394715,58,57,1
393120,58,56,2
388235,58,51,7
362630,58,39,19
362250,58,40,18
362240,58,47,11
341319,58,43,15
327024,58,36,22
311023,58,47,11
306707,58,44,14
302034,58,2,56
281405,58,36,22
274506,58,35,23
271841,58,53,5
263001,58,42,16
251307,58,32,26
250223,58,43,15
247669,58,23,35
246419,58,48,10
226020,58,32,26
226005,58,40,18
202142,58,46,12
175129,58,51,7
175031,58,54,4
173208,58,49,9
125042,58,38,20
122505,58,32,26
843106,57,52,5
829111,57,38,19
802313,57,49,8
796290,57,39,18
790104,57,46,11
786601,57,47,10
784112,57,41,16
783385,57,45,12
587111,57,49,8
584132,57,45,12
577543,57,54,3
572226,57,56,1
572217,57,56,1
571201,57,43,14
562162,57,35,22
560005,57,25,32
492006,57,21,36
487114,57,50,7
482021,57,45,12
466114,57,39,18
458553,57,42,15
457995,57,56,1
454773,57,42,15
444903,57,48,9
444707,57,53,4
441915,57,53,4
441204,57,42,15
421003,57,31,26
415803,57,52,5
415207,57,55,2
413205,57,48,9
413204,57,54,3
400055,57,38,19
400051,57,39,18
396210,57,45,12
388710,57,56,1
383340,57,51,6
383335,57,54,3
382445,57,22,35
382430,57,33,24
382340,57,21,36
360550,57,32,25
342015,57,12,45
341305,57,43,14
333025,57,36,21
323304,57,54,3
322238,57,40,17
322215,57,31,26
303504,57,34,23
302018,57,10,47
301704,57,33,24
283130,57,37,20
277503,57,42,15
273409,57,44,13
263633,57,53,4
250345,57,49,8
246167,57,52,5
246161,57,55,2
246128,57,49,8
233300,57,28,29
232120,57,37,20
229801,57,37,20
224171,57,40,17
212654,57,45,12
210433,57,46,11
207501,57,18,39
205302,57,36,21
202526,57,41,16
192210,57,47,10
184102,57,34,23
182127,57,45,12
175010,57,51,6
172201,57,49,8
133201,57,36,21
127309,57,47,10
125076,57,41,16
124109,57,44,13
854106,56,32,24
848506,56,40,16
843127,56,45,11
811112,56,52,4
805123,56,49,7
799285,56,50,6
799261,56,50,6
796691,56,45,11
796320,56,43,13
793022,56,34,22
788117,56,50,6
785622,56,54,2
784173,56,44,12
782141,56,50,6
782102,56,53,3
782101,56,52,4
781335,56,34,22
781330,56,43,13
585317,56,49,7
585236,56,42,14
584115,56,41,15
583282,56,34,22
583281,56,46,10
583235,56,43,13
577224,56,48,8
574241,56,38,18
574239,56,46,10
574214,56,42,14
571403,56,43,13
571236,56,45,11
562157,56,33,23
561205,56,52,4
560018,56,32,24
480554,56,54,2
470051,56,46,10
441215,56,55,1
413516,56,54,2
411002,56,43,13
402110,56,50,6
400004,56,29,27
389154,56,55,1
382765,56,48,8
382450,56,38,18
382424,56,22,34
382130,56,49,7
341304,56,31,25
332002,56,40,16
331029,56,37,19
323023,56,38,18
306502,56,37,19
305621,56,43,13
304503,56,38,18
275302,56,34,22
275105,56,37,19
271209,56,44,12
263659,56,51,5
262728,56,51,5
262555,56,54,2
262534,56,49,7
233310,56,20,36
229216,56,46,10
226501,56,31,25
226203,56,30,26
225404,56,46,10
221108,56,16,40
208005,56,19,37
202155,56,39,17
176301,56,52,4
175047,56,48,8
127029,56,44,12
851134,55,34,21
845434,55,49,6
843311,55,52,3
811103,55,51,4
798626,55,47,8
796012,55,24,31
791110,55,32,23
737106,55,38,17
670307,55,40,15
591104,55,45,10
586207,55,43,12
585291,55,45,10
584140,55,50,5
583216,55,46,9
583130,55,48,7
577556,55,45,10
577534,55,48,7
577519,55,48,7
577512,55,46,9
577419,55,54,1
573220,55,51,4
572126,55,50,5
571812,55,51,4
571123,55,52,3
571108,55,53,2
561212,55,51,4
560087,55,23,32
490021,55,35,20
474009,55,20,35
470672,55,48,7
466651,55,40,15
457333,55,45,10
445201,55,54,1
444813,55,53,2
444109,55,45,10
444004,55,29,26
443403,55,50,5
431507,55,50,5
423603,55,46,9
423402,55,47,8
421602,55,53,2
416310,55,43,12
415519,55,46,9
415506,55,50,5
415103,55,52,3
415001,55,32,23
414503,55,41,14
413703,55,50,5
413207,55,52,3
410406,55,51,4
400012,55,46,9
383410,55,45,10
382405,55,15,40
382230,55,49,6
380021,55,34,21
342028,55,46,9
341551,55,38,17
341501,55,33,22
341301,55,43,12
334022,55,29,26
333502,55,26,29
333036,55,25,30
333021,55,34,21
332315,55,41,14
327606,55,47,8
325203,55,44,11
313330,55,42,13
307027,55,26,29
306301,55,37,18
304022,55,49,6
303601,55,38,17
301407,55,28,27
263658,55,50,5
262907,55,51,4
241404,55,36,19
232328,55,30,25
221106,55,11,44
210428,55,43,12
203412,55,20,35
202282,55,35,20
202140,55,36,19
201201,55,28,27
191101,55,33,22
125106,55,46,9
841234,54,42,12
825302,54,33,21
822134,54,51,3
822102,54,33,21
812002,54,36,18
802211,54,41,13
802205,54,50,4
801307,54,50,4
797109,54,46,8
795122,54,40,14
793017,54,27,27
790101,54,49,5
784170,54,48,6
782143,54,48,6
591303,54,36,18
591218,54,47,7
581193,54,49,5
581113,54,43,11
577222,54,44,10
573124,54,49,5
572219,54,53,1
571601,54,47,7
571444,54,48,6
571438,54,33,21
571415,54,45,9
563134,54,50,4
560061,54,13,41
560057,54,13,41
560011,54,22,32
486446,54,44,10
474004,54,15,39
470004,54,26,28
461251,54,48,6
444003,54,41,13
443102,54,50,4
441805,54,51,3
441222,54,46,8
416508,54,49,5
415701,54,53,1
413302,54,48,6
402203,54,51,3
391530,54,53,1
387610,54,53,1
387530,54,47,7
365630,54,49,5
364295,54,42,12
363430,54,41,13
360405,54,37,17
343049,54,38,16
334202,54,24,30
333515,54,37,17
332601,54,35,19
326516,54,49,5
326035,54,41,13
313323,54,42,12
312207,54,44,10
281206,54,43,11
271601,54,41,13
271126,54,34,20
246471,54,45,9
225201,54,47,7
210123,54,41,13
122502,54,44,10
848131,53,45,8
822131,53,51,2
821306,53,43,10
797114,53,45,8
796190,53,43,10
788003,53,38,15
785613,53,45,8
782429,53,45,8
671321,53,33,20
591313,53,37,16
586108,53,39,14
585355,53,45,8
583128,53,49,4
581119,53,48,5
577525,53,43,10
577514,53,46,7
573218,53,51,2
572114,53,49,4
571436,53,51,2
571314,53,46,7
571311,53,48,5
571120,53,50,3
563146,53,52,1
560094,53,10,43
495452,53,32,21
495447,53,38,15
444507,53,46,7
431508,53,45,8
423206,53,44,9
422622,53,50,3
416519,53,51,2
401103,53,50,3
400079,53,27,26
400066,53,37,16
391168,53,53,0
390007,53,26,27
388210,53,49,4
384002,53,18,35
380055,53,7,46
360570,53,47,6
360515,53,44,9
342003,53,11,42
335038,53,43,10
335021,53,41,12
334801,53,35,18
334201,53,21,32
333028,53,32,21
332406,53,41,12
331505,53,33,20
331302,53,26,27
325207,53,43,10
325201,53,36,17
322212,53,39,14
321202,53,31,22
314024,53,44,9
312201,53,41,12
307515,53,36,17
305811,53,35,18
305202,53,37,16
285206,53,36,17
281005,53,38,15
277401,53,34,19
275102,53,32,21
274505,53,31,22
250609,53,31,22
246728,53,33,20
243727,53,45,8
242220,53,41,12
229202,53,48,5
224117,53,40,13
221718,53,39,14
221011,53,18,35
210341,53,36,17
210204,53,44,9
208024,53,6,47
207250,53,39,14
201302,53,24,29
192304,53,40,13
176403,53,48,5
176056,53,45,8
172114,53,50,3
171205,53,46,7
123302,53,35,18
123101,53,44,9
852212,52,46,6
844102,52,34,18
843102,52,51,1
841418,52,51,1
841237,52,41,11
841222,52,46,6
835101,52,34,18
834009,52,17,35
804420,52,52,0
802156,52,45,7
802154,52,45,7
798602,52,38,14
797106,52,37,15
796410,52,35,17
794107,52,48,4
785632,52,47,5
784163,52,45,7
673592,52,37,15
591344,52,44,8
585217,52,43,9
581102,52,43,9
577453,52,45,7
577433,52,50,2
571320,52,41,11
570004,52,30,22
563123,52,46,6
560086,52,14,38
560070,52,15,37
560027,52,22,30
495663,52,42,10
486440,52,45,7
471101,52,42,10
465335,52,35,17
457776,52,48,4
450051,52,46,6
441914,52,48,4
441908,52,44,8
440032,52,26,26
422305,52,48,4
415724,52,46,6
415539,52,40,12
415306,52,51,1
412404,52,51,1
403704,52,52,0
403703,52,50,2
402106,52,50,2
400701,52,18,34
400075,52,31,21
389265,52,49,3
388580,52,45,7
385510,52,40,12
382810,52,38,14
382481,52,11,41
370030,52,45,7
361008,52,18,34
335037,52,31,21
332702,52,33,19
332031,52,39,13
312612,52,38,14
306701,52,27,25
305401,52,32,20
277502,52,38,14
277203,52,44,8
263151,52,30,22
249405,52,36,16
226012,52,11,41
224232,52,21,31
224189,52,39,13
212215,52,16,36
209866,52,45,7
209651,52,30,22
209201,52,37,15
208013,52,8,44
208010,52,19,33
203409,52,32,20
203132,52,32,20
201009,52,10,42
176401,52,44,8
176215,52,32,20
175008,52,38,14
136035,52,44,8
132157,52,35,17
848115,51,43,8
843121,51,48,3
841313,51,43,8
841286,51,35,16
834005,51,15,36
833106,51,51,0
828114,51,29,22
825102,51,39,12
824302,51,49,2
804424,51,45,6
802160,51,38,13
802103,51,30,21
798627,51,42,9
788802,51,37,14
786188,51,38,13
786150,51,44,7
785687,51,47,4
785615,51,48,3
784524,51,46,5
781306,51,41,10
590006,51,32,19
587101,51,36,15
585323,51,45,6
584126,51,45,6
584103,51,29,22
583230,51,37,14
582201,51,33,18
577225,51,48,3
573125,51,45,6
571442,51,43,8
560056,51,10,41
473113,51,45,6
464661,51,35,16
454129,51,48,3
444005,51,24,27
443206,51,48,3
441903,51,48,3
441301,51,47,4
440010,51,30,21
431741,51,49,2
431722,51,46,5
425444,51,48,3
425417,51,48,3
424302,51,46,5
422611,51,48,3
415641,51,48,3
414501,51,50,1
414111,51,36,15
414101,51,48,3
413607,51,45,6
413503,51,43,8
413101,51,46,5
403705,51,50,1
400703,51,18,33
393030,51,46,5
388640,51,49,2
388530,51,44,7
387330,51,46,5
384330,51,42,9
380007,51,19,32
335801,51,30,21
333504,51,28,23
333501,51,35,16
327603,51,41,10
307028,51,32,19
306708,51,28,23
306422,51,34,17
305925,51,38,13
305403,51,34,17
284206,51,46,5
273008,50,11,39
271803,51,36,15
263652,51,45,6
251319,51,20,31
246442,51,42,9
230136,51,33,18
227412,51,32,19
226017,51,18,33
224202,51,28,23
223102,51,39,12
221601,51,38,13
208020,51,6,45
203209,51,31,20
202136,51,35,16
176309,51,47,4
176052,51,37,14
172002,51,44,7
136043,51,32,19
847115,50,46,4
841244,50,43,7
828307,50,32,18
828303,50,42,8
824102,50,44,6
796471,50,39,11
795129,50,34,16
793112,50,39,11
788167,50,31,19
785688,50,49,1
587314,50,24,26
587207,50,48,2
587119,50,33,17
587115,50,38,12
585237,50,45,5
583122,50,38,12
583117,50,39,11
581116,50,40,10
580030,50,15,35
577243,50,46,4
577144,50,47,3
570007,50,29,21
470229,50,31,19
464776,50,46,4
461335,50,42,8
457551,50,47,3
453331,50,15,35
440022,50,25,25
431010,50,21,29
425426,50,49,1
422010,50,36,14
416003,50,25,25
414113,50,41,9
414006,50,43,7
413509,50,48,2
402304,50,46,4
396060,50,46,4
391774,50,47,3
385210,50,35,15
364505,50,37,13
363670,50,49,1
341507,50,36,14
323614,50,42,8
322211,50,40,10
312602,50,40,10
276205,50,29,21
271203,50,42,8
262543,50,45,5
250222,50,27,23
248171,50,26,24
243726,50,30,20
241121,50,41,9
233229,50,35,15
227308,50,39,11
226205,50,2,48
225120,50,40,10
224157,50,31,19
211019,50,23,27
203402,50,35,15
175033,50,41,9
175003,50,37,13
171019,50,48,2
136044,50,30,20
127031,50,36,14
854316,49,38,11
841422,49,42,7
841421,49,43,6
841220,49,40,9
841210,49,40,9
831004,49,24,25
829101,49,35,14
828125,49,32,17
821307,49,23,26
815311,49,41,8
805102,49,44,5
803115,49,37,12
801111,49,44,5
800012,49,31,18
799256,49,45,4
799125,49,48,1
799116,49,49,0
793010,49,29,20
791111,49,32,17
788781,49,35,14
786004,49,46,3
785008,49,38,11
781020,49,26,23
737135,49,28,21
676503,49,36,13
670643,49,41,8
591301,49,47,2
591109,49,38,11
591101,49,37,12
587117,49,40,9
586129,49,43,6
585220,49,27,22
583129,49,39,10
583113,49,37,12
581108,49,38,11
577516,49,40,9
577233,49,46,3
577219,49,42,7
577138,49,46,3
577133,49,40,9
576233,49,43,6
571802,49,44,5
571419,49,39,10
571342,49,36,13
561210,49,45,4
560008,49,23,26
492009,49,18,31
486338,49,39,10
477449,49,36,13
475671,49,41,8
466118,49,34,15
466002,49,33,16
464240,49,44,5
460557,49,41,8
456313,49,33,16
445230,49,48,1
444311,49,42,7
444204,49,45,4
443304,49,47,2
440014,49,26,23
431521,49,40,9
424307,49,44,5
416504,49,44,5
416122,49,38,11
416106,49,41,8
415305,49,43,6
413518,49,48,1
413314,49,39,10
413248,49,47,2
413227,49,48,1
412801,49,38,11
412209,49,41,8
411015,49,18,31
394305,49,14,35
391107,49,45,4
387635,49,47,2
383450,49,44,5
382433,49,46,3
365430,49,36,13
364130,49,37,12
362530,49,42,7
335025,49,31,18
333033,49,36,13
332706,49,28,21
331305,49,35,14
322252,49,31,18
322026,49,41,8
313901,49,43,6
312603,49,38,11
303508,49,32,17
301415,49,38,11
283141,49,15,34
281305,49,31,18
281203,49,29,20
250106,49,45,4
248165,49,46,3
246446,49,40,9
229401,49,34,15
227131,49,36,13
225303,49,39,10
211011,49,13,36
201308,49,7,42
190010,49,20,29
185155,49,43,6
176315,49,43,6
176059,49,42,7
175023,49,42,7
175016,49,45,4
171012,49,40,9
133205,49,39,10
845404,48,33,15
828202,48,27,21
824113,48,30,18
823004,48,34,14
802209,48,45,3
799278,48,43,5
792056,48,39,9
781376,48,38,10
671541,48,31,17
671531,48,29,19
591130,48,40,8
585320,48,40,8
584127,48,42,6
583234,48,38,10
583214,48,39,9
581203,48,44,4
581187,48,48,0
577168,48,47,1
574243,48,38,10
573217,48,44,4
573212,48,48,0
572141,48,45,3
572133,48,46,2
570009,48,12,36
560075,48,13,35
560003,48,15,33
493196,48,44,4
488443,48,40,8
476228,48,47,1
466554,48,39,9
452011,48,10,38
442402,48,36,12
431810,48,41,7
431530,48,47,1
425427,48,41,7
415628,48,45,3
415308,48,44,4
414003,48,32,16
412308,48,23,25
410209,48,18,30
403406,48,46,2
401201,48,25,23
394107,48,12,36
385540,48,46,2
385530,48,43,5
382245,48,35,13
380022,48,26,22
365555,48,43,5
344027,48,41,7
332028,48,34,14
331028,48,29,19
326517,48,37,11
321601,48,24,24
321025,48,27,21
312614,48,34,14
312404,48,36,12
312027,48,38,10
304507,48,34,14
301706,48,19,29
243724,48,34,14
243636,48,35,13
230303,48,28,20
229129,48,31,17
227406,48,32,16
225119,48,32,16
222127,48,27,21
209865,48,36,12
177204,48,43,5
176303,48,43,5
176058,48,41,7
176051,48,34,14
176029,48,42,6
174310,48,44,4
174030,48,43,5
173220,48,39,9
136129,48,37,11
123303,48,36,12
122526,48,41,7
847410,47,45,2
847238,47,40,7
845440,47,44,3
841402,47,39,8
841224,47,38,9
834003,47,20,27
825336,47,32,15
814110,47,44,3
802216,47,39,8
802161,47,39,8
799290,47,42,5
799212,47,46,1
799156,47,45,2
796501,47,36,11
795003,47,25,22
788710,47,31,16
788169,47,22,25
788111,47,37,10
788013,47,34,13
782135,47,45,2
591143,47,42,5
591119,47,41,6
587102,47,26,21
585229,47,31,16
577546,47,46,1
577211,47,44,3
577146,47,44,3
574211,47,37,10
570023,47,8,39
561228,47,40,7
525412,47,8,39
490025,47,23,24
480002,47,35,12
461115,47,41,6
460665,47,37,10
456457,47,32,15
445308,47,45,2
445109,47,44,3
444110,47,43,4
442918,47,39,8
442307,47,43,4
441305,47,47,0
441111,47,27,20
422306,47,42,5
416611,47,42,5
416005,47,31,16
415520,47,46,1
413404,47,40,7
413110,47,43,4
410401,47,35,12
400028,47,31,16
400016,47,39,8
400001,47,21,26
396240,47,47,0
392210,47,41,6
389320,47,44,3
388550,47,42,5
388510,47,43,4
383462,47,42,5
383276,47,44,3
383010,47,43,4
362510,47,29,18
341516,47,34,13
341021,47,24,23
335061,47,39,8
332707,47,34,13
331301,47,30,17
305206,47,25,22
301703,47,27,20
285129,47,36,11
277201,47,32,15
273405,47,35,12
271633,47,21,26
263637,47,33,14
262530,47,39,8
243722,47,38,9
232336,47,26,21
231314,47,31,16
229810,47,42,5
229205,47,27,20
202122,47,41,6
201303,47,16,31
181145,47,41,6
176209,47,30,17
176202,47,38,9
175126,47,34,13
173215,47,42,5
171018,47,42,5
135002,47,28,19
126125,47,34,13
848133,46,40,6
847122,46,34,12
845436,46,39,7
844115,46,38,8
841216,46,36,10
841209,46,45,1
841202,46,41,5
824221,46,38,8
802111,46,39,7
797108,46,36,10
796730,46,36,10
796014,46,22,24
796007,46,25,21
781351,46,41,5
781341,46,40,6
676123,46,32,14
673542,46,41,5
591316,46,31,15
591122,46,41,5
590005,46,40,6
587121,46,34,12
586119,46,38,8
583127,46,40,6
582113,46,43,3
581350,46,36,10
581337,46,44,2
577521,46,40,6
572223,46,39,7
572136,46,44,2
562121,46,43,3
487334,46,42,4
481484,46,46,0
458778,46,37,9
444802,46,43,3
444301,46,43,3
444103,46,39,7
431707,46,43,3
431540,46,37,9
431523,46,40,6
431137,46,37,9
431118,46,34,12
425303,46,42,4
422502,46,37,9
415540,46,45,1
413710,46,39,7
413132,46,41,5
412802,46,39,7
412306,46,41,5
411019,46,20,26
403706,46,44,2
400093,46,18,28
400054,46,26,20
400019,46,31,15
395008,46,14,32
394655,46,45,1
394250,46,43,3
394163,46,45,1
383260,46,44,2
382345,46,18,28
370605,46,44,2
365650,46,39,7
364280,46,40,6
360006,46,12,34
333801,46,27,19
333707,46,32,14
331701,46,32,14
312613,46,31,15
284306,46,35,11
282009,46,36,10
263619,46,45,1
263158,46,38,8
248003,46,25,21
233228,46,25,21
232327,46,29,17
231307,46,26,20
226302,46,31,15
223227,46,33,13
222108,46,25,21
212403,46,18,28
202396,46,36,10
176027,46,34,12
176025,46,36,10
173030,46,39,7
172023,46,39,7
136021,46,30,16
124108,46,31,15
124105,46,35,11
854340,45,27,18
798629,45,39,6
792129,45,40,5
792121,45,42,3
788115,45,38,7
785667,45,40,5
737128,45,29,16
679325,45,33,12
591310,45,33,12
586216,45,38,7
585436,45,42,3
585319,45,40,5
580031,45,18,27
577597,45,42,3
577542,45,41,4
577513,45,39,6
577130,45,44,1
575003,45,20,25
572115,45,41,4
571129,45,40,5
461116,45,36,9
460005,45,41,4
454774,45,28,17
451669,45,43,2
444723,45,39,6
442703,45,40,5
442106,45,45,0
441502,45,38,7
425407,45,43,2
423213,45,38,7
423109,45,29,16
422603,45,42,3
421505,45,33,12
416121,45,35,10
415703,45,44,1
415511,45,42,3
415208,45,42,3
415106,45,38,7
415004,45,34,11
413215,45,42,3
412212,45,43,2
411057,45,19,26
411018,45,21,24
400705,45,24,21
400077,45,27,18
394651,44,42,2
394130,45,25,20
391761,45,45,0
385515,45,31,14
385410,45,30,15
362230,45,34,11
360520,45,41,4
341518,45,31,14
341030,45,30,15
333304,45,29,16
333041,45,35,10
332719,45,24,21
332711,45,26,19
332405,45,26,19
325214,45,34,11
311408,45,42,3
301403,45,28,17
301020,45,17,28
271319,45,34,11
271215,45,25,20
263138,45,42,3
262725,45,37,8
262702,45,33,12
262527,45,41,4
262309,45,25,20
250615,45,31,14
248002,45,14,31
246469,45,37,8
246127,45,41,4
245208,45,28,17
227309,45,32,13
223105,45,33,12
209841,45,26,19
203150,45,23,22
191103,45,36,9
176306,45,41,4
171214,45,40,5
171212,45,39,6
171203,45,39,6
136042,45,28,17
133302,45,29,16
125004,45,27,18
124514,45,26,19
847411,44,39,5
845107,44,40,4
844501,44,43,1
825413,42,34,8
805105,44,34,10
793006,44,22,22
791125,44,35,9
785703,44,39,5
785666,44,40,4
785663,44,42,2
781129,44,37,7
686691,44,29,15
673602,44,28,16
607402,44,34,10
587112,44,39,5
586201,44,32,12
586116,44,35,9
583213,44,37,7
583114,44,37,7
581348,44,39,5
581344,44,43,1
577112,44,36,8
563161,44,40,4
494553,44,41,3
490011,44,20,24
445106,44,43,1
444804,44,41,3
441806,44,40,4
441304,44,38,6
441223,44,41,3
441102,44,31,13
431718,44,41,3
431510,44,39,5
425110,44,36,8
421102,44,28,16
416311,44,37,7
416219,44,39,5
415315,44,41,3
415110,44,34,10
414301,44,37,7
413715,44,40,4
413510,44,34,10
413506,44,39,5
412202,44,35,9
402209,44,38,6
401104,44,18,26
400702,44,27,17
393002,44,3,41
392140,44,35,9
392130,44,38,6
388307,44,43,1
384220,44,37,7
382775,44,40,4
382325,44,26,18
370421,44,26,18
364320,44,41,3
364260,44,35,9
364060,44,36,8
362266,44,19,25
335503,44,24,20
332712,44,26,18
332312,44,27,17
325222,44,32,12
322027,44,30,14
306703,44,32,12
305927,44,33,11
305405,44,29,15
283142,44,32,12
271606,44,42,2
263640,44,42,2
262525,44,38,6
246164,44,37,7
230003,44,13,31
229302,44,34,10
226010,44,19,25
225203,44,38,6
224225,44,23,21
224146,44,24,20
209503,44,28,16
206250,44,27,17
205147,44,31,13
176083,44,33,11
175038,44,43,1
174026,44,35,9
172107,44,33,11
172102,44,40,4
136026,44,28,16
127026,44,33,11
125112,44,32,12
122414,44,37,7
854306,43,41,2
854117,43,37,6
843318,43,37,6
841204,43,39,4
828121,43,22,21
825330,43,33,10
802311,43,39,4
802202,43,40,3
802159,43,39,4
802102,43,30,13
800014,43,24,19
797105,43,31,12
797103,43,19,24
790106,43,42,1
785681,43,36,7
783381,43,40,3
783351,43,34,9
782144,43,40,3
679334,43,31,12
673507,43,39,4
670692,43,35,8
591244,43,35,8
591221,43,34,9
591217,43,33,10
590018,43,38,5
590014,43,36,7
583217,43,33,10
580025,43,19,24
577414,43,41,2
577216,43,37,6
573225,43,38,5
573215,43,39,4
572215,43,43,0
572124,43,43,0
571807,43,37,6
571446,43,39,4
571117,43,40,3
563133,43,37,6
563122,43,22,21
560035,43,14,29
484552,43,41,2
484444,43,32,11
465116,43,28,15
450554,43,31,12
444908,43,40,3
444719,43,43,0
444444,43,12,31
443308,43,37,6
442904,43,41,2
441909,43,33,10
424005,43,31,12
422210,43,37,6
416506,43,37,6
416218,43,36,7
413402,43,37,6
412114,43,11,32
412104,43,40,3
411042,43,32,11
411011,43,31,12
403507,43,33,10
396235,43,38,5
396195,43,5,38
387240,43,33,10
384335,43,39,4
380058,43,9,34
370150,43,34,9
365480,43,30,13
361120,43,33,10
360531,43,36,7
332742,43,31,12
313342,43,18,25
306303,43,28,15
305622,43,32,11
305026,43,24,19
276406,43,18,25
272270,43,35,8
272159,43,41,2
262540,43,40,3
251320,43,25,18
246723,43,26,17
230130,43,26,17
226021,43,9,34
224228,43,19,24
224206,43,24,19
209729,43,31,12
177210,43,39,4
176208,43,32,11
176204,43,38,5
176090,43,38,5
175046,43,37,6
135106,43,38,5
133203,43,35,8
124146,43,33,10
122504,43,33,10
848122,42,41,1
848102,42,32,10
847231,42,34,8
846007,42,36,6
803301,42,38,4
802116,42,28,14
799281,42,39,3
799210,42,38,4
799003,42,40,2
783121,42,30,12
781370,42,36,6
781029,42,26,16
744103,42,31,11
685612,42,39,3
671543,42,25,17
605007,42,27,15
591240,42,31,11
591108,42,33,9
586109,42,22,20
585443,42,39,3
583278,42,36,6
581403,42,42,0
577515,42,37,5
577421,42,41,1
573214,42,38,4
572220,42,37,5
571312,42,37,5
571235,42,33,9
571130,41,33,8
570016,42,13,29
560029,42,12,30
462043,42,10,32
460666,42,30,12
460553,42,34,8
458336,42,27,15
431522,42,37,5
431205,42,41,1
431117,42,27,15
425404,42,36,6
424309,42,38,4
423117,42,36,6
416614,42,40,2
415616,42,41,1
415011,42,38,4
414208,42,39,3
413529,42,41,1
413214,42,41,1
412411,42,33,9
412410,42,35,7
396590,42,38,4
396436,42,34,8
393025,42,38,4
385130,42,40,2
383440,42,41,1
383220,42,35,7
383030,42,41,1
382435,42,33,9
382425,42,22,20
364230,42,40,2
364145,42,32,10
364050,42,38,4
362263,42,32,10
334401,42,5,37
333514,42,25,17
332318,42,27,15
323613,42,25,17
322205,42,29,13
322021,42,20,22
313206,42,28,14
312021,42,18,24
307510,42,34,8
301709,42,24,18
301705,42,19,23
273014,42,18,24
272195,42,33,9
263137,42,37,5
262542,42,35,7
249401,42,18,24
249304,42,37,5
231310,42,26,16
230302,42,26,16
226016,42,10,32
225202,42,36,6
221313,42,24,18
212404,42,26,16
202413,42,28,14
202393,42,14,28
202314,42,34,8
194201,42,36,6
180011,42,25,17
175141,42,38,4
174321,42,39,3
174033,42,37,5
174032,42,37,5
131302,42,27,15
125048,42,30,12
122004,42,25,17
841287,41,28,13
841213,41,36,5
825407,41,35,6
825107,41,36,5
821309,41,36,5
803221,41,34,7
802131,41,34,7
799251,41,35,6
799008,41,35,6
796101,41,26,15
796091,41,33,8
785626,41,37,4
781339,41,37,4
737133,41,28,13
679329,41,29,12
676552,41,33,8
673572,41,30,11
591243,41,37,4
586111,41,32,9
584138,41,31,10
583220,41,35,6
583136,41,37,4
582211,41,36,5
582117,41,33,8
581340,41,40,1
581336,41,41,0
577245,41,36,5
577005,41,14,27
574221,41,32,9
561201,41,40,1
560089,41,25,16
560050,41,12,29
480449,41,32,9
480338,41,34,7
473111,41,33,8
472446,41,40,1
465118,41,28,13
462106,41,28,13
450110,41,36,5
445307,41,39,2
441907,41,36,5
440016,41,20,21
440012,41,26,15
431745,41,39,2
431711,41,36,5
424308,41,37,4
422213,41,31,10
421305,41,17,24
416705,41,40,1
416220,41,39,2
415727,41,36,5
415726,41,39,2
413530,41,39,2
413411,41,36,5
412219,41,38,3
410221,41,34,7
402202,41,38,3
400059,41,23,18
396310,41,35,6
391330,41,31,10
391152,41,40,1
389370,41,41,0
387650,41,39,2
385560,41,38,3
383307,41,38,3
383230,41,35,6
383120,41,34,7
382735,41,35,6
370445,41,35,6
364120,41,35,6
361130,41,36,5
332401,41,31,10
285128,41,40,1
285122,41,30,11
277214,41,35,6
274508,41,28,13
273311,41,21,20
272177,41,23,18
272105,41,34,7
262203,41,27,14
250341,41,26,15
249123,41,32,9
226022,41,12,29
222222,41,23,18
221305,41,27,14
212111,41,34,7
209869,41,28,13
182320,41,30,11
180010,41,16,25
174034,41,34,7
173209,41,33,8
136130,41,32,9
134109,41,18,23
124112,41,21,20
122101,41,25,16
851218,40,22,18
851113,40,32,8
848301,40,35,5
843122,40,36,4
841507,40,40,0
841502,40,28,12
841407,40,37,3
829106,40,15,25
804406,40,38,2
802120,40,36,4
799204,40,37,3
788804,40,32,8
786155,40,33,7
782138,40,33,7
781012,40,28,12
744204,40,35,5
695541,40,23,17
673579,40,27,13
673122,40,35,5
605001,40,27,13
591265,40,30,10
591121,40,36,4
585314,40,34,6
584134,40,28,12
583224,40,30,10
577524,40,38,2
577523,40,34,6
577517,40,39,1
577182,40,39,1
571118,40,35,5
560066,40,13,27
492007,40,11,29
476444,40,18,22
472005,40,30,10
470669,40,33,7
470337,40,33,7
456776,40,25,15
445211,40,36,4
444605,40,30,10
444202,40,30,10
443303,40,36,4
441122,40,29,11
431811,40,34,6
431746,40,36,4
425421,40,36,4
425305,40,33,7
424301,40,37,3
423605,40,35,5
422104,40,31,9
416402,40,34,6
415730,40,40,0
414604,40,34,6
413228,40,39,1
412107,40,40,0
410503,40,36,4
400089,40,28,12
396145,40,39,1
394640,40,35,5
394430,40,37,3
392110,40,31,9
390024,40,14,26
388560,40,29,11
388205,40,35,5
363020,40,20,20
362610,40,32,8
361110,40,36,4
360024,40,15,25
341520,40,30,10
333303,40,28,12
333012,40,27,13
323601,40,18,22
313211,40,32,8
306503,40,25,15
285134,40,31,9
281121,40,24,16
263663,40,33,7
261402,40,17,23
250002,40,28,12
246486,40,36,4
246147,40,36,4
243006,40,18,22
229504,40,31,9
229410,40,23,17
208004,40,12,28
207502,40,35,5
203401,40,15,25
203155,40,31,9
202399,40,27,13
190009,40,14,26
181207,40,34,6
181123,40,21,19
180004,40,11,29
177203,40,31,9
176200,40,35,5
176036,40,30,10
173032,40,39,1
171006,40,22,18
132037,40,27,13
854302,39,32,7
848121,39,35,4
844509,39,35,4
844128,39,26,13
841443,39,38,1
835235,39,34,5
829119,39,24,15
802314,39,33,6
791105,39,36,3
791104,39,34,5
786153,39,27,12
781150,39,31,8
737131,39,26,13
679328,39,28,11
670142,39,31,8
591226,39,35,4
587120,39,29,10
585287,39,30,9
584113,39,31,8
577545,39,36,3
577518,39,36,3
577102,39,26,13
576222,39,35,4
576112,39,35,4
572212,39,38,1
572175,39,37,2
571234,39,27,12
487110,39,35,4
480337,39,31,8
462047,39,22,17
444402,39,33,6
431743,39,38,1
431723,39,39,0
431601,39,28,11
431120,39,31,8
425327,39,38,1
424311,39,37,2
424205,39,38,1
424204,39,36,3
424202,39,37,2
422006,39,22,17
421405,39,37,2
421203,39,10,29
415801,39,38,1
415613,39,35,4
415507,39,39,0
415205,39,33,6
415105,39,31,8
413726,39,39,0
413714,39,38,1
413704,39,37,2
413605,39,34,5
411027,39,14,25
411004,39,26,13
403802,39,33,6
403503,39,37,2
400081,39,22,17
400057,39,23,16
396540,39,36,3
395002,39,25,14
392012,39,29,10
391210,39,35,4
390009,39,12,27
389235,39,37,2
385570,39,37,2
383210,39,34,5
382705,39,31,8
382115,39,24,15
380060,39,12,27
370650,39,37,2
365540,39,30,9
363655,39,34,5
363002,39,9,30
345022,39,34,5
343021,39,23,16
341027,39,27,12
334003,39,7,32
333024,39,22,17
332703,39,22,17
331402,39,26,13
306901,39,25,14
306305,39,29,10
305207,39,27,12
277204,39,36,3
277124,39,31,8
274004,39,25,14
272182,39,31,8
263621,39,33,6
249130,39,34,5
246431,39,33,6
242354,39,27,12
230404,39,28,11
230121,39,19,20
229126,39,28,11
222138,39,18,21
221409,39,19,20
209504,39,29,10
202128,39,26,13
201305,39,8,31
191121,39,30,9
181143,39,32,7
180007,39,14,25
176318,39,31,8
176313,39,38,1
176205,39,33,6
175132,39,37,2
175048,39,36,3
174103,39,23,16
173233,39,37,2
131029,39,21,18
131027,39,27,12
131024,39,33,6
123102,39,31,8
123028,39,32,7
847424,38,32,6
841217,38,36,2
834008,38,15,23
827009,38,22,16
802316,38,38,0
802183,38,32,6
800006,38,21,17
799288,38,35,3
788123,38,32,6
788001,38,29,9
785604,38,31,7
783301,38,31,7
781373,38,31,7
673571,38,26,12
673524,38,36,2
591305,38,30,8
591230,38,32,6
591227,38,30,8
591127,38,34,4
587155,38,33,5
583280,38,34,4
582203,38,29,9
577544,38,30,8
577539,38,35,3
577537,38,34,4
577113,38,35,3
573120,38,35,3
572211,38,35,3
571122,38,36,2
563162,38,31,7
560053,38,24,14
560051,38,19,19
560002,38,20,18
495222,38,30,8
486889,38,24,14
480998,38,33,5
460447,38,32,6
452003,38,13,25
451444,38,30,8
425108,38,32,6
416203,38,28,10
416114,38,28,10
415538,38,37,1
415503,38,34,4
414601,38,30,8
413308,38,35,3
412101,38,22,16
411021,38,17,21
410207,38,35,3
400104,38,21,17
400011,38,32,6
400007,38,16,22
395023,38,15,23
395010,38,2,36
394340,38,36,2
394248,38,37,1
394120,38,15,23
389310,38,33,5
388365,38,33,5
387320,38,31,7
384275,38,36,2
383110,38,32,6
370410,38,31,7
364522,38,34,4
360020,38,19,19
342604,38,20,18
321614,38,25,13
321612,38,27,11
313328,38,27,11
312401,38,30,8
307512,38,27,11
306308,38,27,11
305815,38,28,10
305406,38,33,5
305402,38,26,12
273010,38,17,21
262803,38,27,11
256325,38,4,34
252423,38,32,6
248145,38,26,12
248005,38,18,20
241405,38,27,11
233233,38,34,4
229802,38,32,6
229211,38,26,12
222608,38,0,38
222607,38,1,37
208025,38,7,31
201112,38,2,36
184207,38,36,2
177110,38,35,3
176308,38,34,4
176210,38,34,4
176096,38,34,4
174315,38,29,9
174307,38,34,4
174201,38,36,2
174011,38,33,5
133102,38,32,6
127042,38,27,11
127022,38,29,9
126111,38,32,6
124201,38,19,19
851132,37,29,8
847451,37,33,4
845419,37,35,2
841212,37,34,3
832402,37,37,0
825325,37,24,13
824114,37,34,3
811102,37,34,3
799269,37,31,6
796184,37,26,11
795005,37,18,19
793014,37,16,21
788713,37,26,11
788106,37,28,9
784171,37,27,10
781374,37,35,2
781348,37,29,8
781132,37,33,4
781030,37,31,6
695501,37,27,10
678582,37,27,10
583226,37,31,6
582119,37,29,8
581423,37,36,1
581421,37,37,0
581361,37,35,2
581343,37,33,4
577203,37,27,10
577175,37,35,2
576101,37,21,16
574212,37,32,5
571445,37,37,0
571404,37,27,10
560054,37,7,30
533464,37,26,11
490001,37,13,24
431808,37,34,3
422004,37,18,19
421101,37,30,7
416503,37,34,3
416308,37,33,4
416208,37,31,6
416204,37,32,5
416103,37,30,7
415718,37,37,0
415716,37,34,3
413210,37,29,8
412201,37,25,12
411062,37,18,19
403601,37,27,10
403504,37,36,1
400069,37,22,15
400009,37,25,12
396155,37,20,17
390002,37,15,22
382165,37,36,1
380018,37,26,11
363630,37,34,3
362140,37,28,9
362110,37,28,9
334602,37,25,12
333705,37,20,17
313207,37,31,6
307043,37,26,11
272203,37,30,7
261202,37,5,32
251202,37,19,18
249205,37,19,18
247343,37,20,17
246131,37,35,2
227116,37,30,7
224207,37,18,19
221705,37,31,6
205303,37,12,25
203411,37,19,18
176107,37,29,8
176032,37,31,6
174027,37,30,7
171216,37,34,3
131102,37,29,8
127035,37,25,12
124113,37,20,17
121006,37,15,22
847109,36,36,0
835331,36,33,3
802210,36,23,13
802130,36,30,6
799287,36,33,3
796370,36,26,10
795112,36,32,4
793210,36,27,9
793122,36,26,10
788031,36,34,2
788011,36,33,3
788007,36,28,8
786147,36,31,5
781026,36,17,19
691507,36,27,9
678581,36,29,7
673104,36,29,7
605009,36,19,17
584133,36,30,6
581207,36,27,9
577549,36,34,2
577532,36,36,0
577436,36,33,3
577431,36,35,1
577215,36,32,4
577205,36,17,19
576214,36,30,6
574231,36,31,5
574202,36,28,8
571476,36,31,5
571104,36,24,12
570029,36,13,23
562103,36,33,3
560048,36,11,25
477332,36,32,4
476336,36,30,6
461668,36,31,5
444604,36,25,11
444306,36,31,5
442404,36,31,5
425104,36,32,4
416609,36,35,1
415643,36,35,1
415610,36,33,3
415512,36,31,5
413738,36,35,1
413255,36,21,15
413111,36,33,3
412305,36,33,3
412204,36,32,4
411052,36,20,16
400091,36,12,24
400014,36,23,13
394327,36,4,32
391121,36,36,0
391105,36,35,1
390012,36,11,25
390011,36,7,29
387315,36,33,3
387120,36,33,3
387002,36,15,21
383434,36,34,2
382475,36,12,24
370625,36,34,2
365410,36,29,7
364525,36,29,7
364510,36,33,3
363660,36,34,2
363040,36,31,5
361325,36,32,4
335064,36,19,17
334402,36,18,18
306116,36,12,24
305628,36,26,10
303807,36,20,16
302041,36,14,22
277501,36,24,12
275307,36,29,7
262721,36,32,4
262305,36,22,14
250626,36,29,7
246474,36,32,4
224182,36,23,13
221004,36,15,21
209451,36,36,0
208003,36,12,24
201445,36,24,12
185123,36,32,4
176045,36,26,10
175131,36,21,15
131103,36,26,10
848113,35,30,5
846002,35,32,3
841305,35,30,5
828203,35,18,17
805101,35,32,3
802166,35,33,2
802118,35,32,3
800004,35,26,9
799253,35,31,4
785610,35,26,9
784504,35,29,6
781378,35,33,2
691306,35,24,11
685561,35,30,5
676306,35,21,14
676102,35,25,10
673641,35,27,8
673612,35,27,8
609602,35,22,13
591103,35,28,7
590003,35,30,5
585315,35,33,2
585212,35,25,10
582205,35,27,8
581126,35,29,6
580112,35,31,4
577555,35,31,4
577140,35,33,2
573136,35,34,1
573129,35,28,7
573101,35,28,7
572103,35,13,22
571457,35,31,4
495555,35,25,10
477556,35,34,1
445110,35,33,2
444902,35,29,6
442306,35,34,1
441212,35,32,3
425502,35,29,6
424310,35,31,4
416801,35,33,2
416552,35,30,5
416235,35,33,2
416113,35,26,9
414505,35,33,2
412408,35,32,3
412311,35,34,1
411003,34,25,9
402308,35,31,4
402115,35,33,2
396020,35,28,7
394150,35,16,19
393155,35,32,3
393125,35,34,1
390006,35,16,19
390004,35,19,16
370240,35,22,13
364720,35,26,9
362120,35,22,13
361310,35,33,2
361162,35,25,10
343039,35,26,9
343024,35,19,16
333305,35,26,9
332746,35,19,16
326530,35,18,17
322216,35,24,11
321407,35,22,13
305004,34,9,25
301713,35,20,15
283206,35,19,16
282031,35,8,27
281304,35,19,16
277205,35,29,6
274801,35,26,9
263680,35,33,2
263678,35,32,3
251327,35,19,16
249137,35,11,24
247666,35,20,15
229408,35,21,14
224227,35,19,16
177101,35,27,8
176111,35,31,4
175025,35,29,6
174017,35,31,4
172104,35,32,3
134201,35,31,4
132046,35,22,13
131021,35,21,14
127041,35,24,11
125133,35,32,3
125060,35,27,8
123035,35,28,7
852202,34,14,20
851202,34,30,4
844119,34,30,4
841312,34,26,8
829205,34,21,13
829123,34,29,5
828104,34,12,22
824115,34,31,3
802226,34,29,5
802162,34,29,5
799266,34,33,1
799131,34,29,5
785700,34,29,5
784185,34,30,4
784025,34,29,5
781347,34,31,3
737107,34,27,7
679576,34,26,8
673525,34,27,7
591214,34,26,8
586245,34,29,5
584118,34,28,6
581453,34,32,2
581362,34,33,1
581196,34,29,5
581148,34,33,1
577554,34,32,2
577131,34,33,1
574217,34,31,3
573144,34,30,4
573133,34,28,6
572225,34,32,2
571134,34,31,3
571115,34,30,4
571110,34,30,4
474020,34,9,25
472445,34,32,2
457340,34,29,5
444720,34,34,0
444407,34,30,4
444106,34,31,3
442505,34,27,7
441214,34,32,2
440030,34,9,25
431537,34,28,6
431518,34,33,1
431110,34,27,7
425003,34,24,10
422206,34,26,8
422205,34,29,5
416603,34,33,1
416401,34,33,1
416118,34,23,11
416008,34,27,7
415528,34,33,1
415108,34,30,4
413725,34,27,7
412403,34,32,2
411025,34,28,6
410218,34,11,23
396321,34,26,8
394325,34,15,19
392220,34,28,6
390016,34,6,28
390010,34,10,24
385350,34,32,2
384225,34,30,4
382449,34,20,14
382240,34,28,6
364004,34,14,20
335901,34,21,13
321403,34,21,13
321301,34,21,13
321026,34,21,13
306306,34,23,11
275306,34,19,15
274705,34,15,19
263002,34,17,17
246736,34,19,15
231217,34,12,22
229215,34,27,7
226004,34,19,15
224183,34,20,14
222103,34,17,17
208016,33,5,28
203403,34,26,8
182142,34,30,4
176103,34,27,7
176057,34,24,10
176041,34,29,5
175036,34,28,6
174028,34,28,6
173211,34,27,7
171001,34,22,12
125122,34,28,6
848129,33,30,3
844116,33,31,2
843360,33,31,2
842003,33,13,20
829208,33,20,13
829105,33,27,6
826006,33,31,2
821311,33,27,6
821308,33,27,6
803120,33,31,2
799280,33,29,4
795159,33,27,6
793008,33,21,12
790002,33,30,3
788727,33,29,4
782401,33,29,4
781009,33,23,10
691505,33,28,5
673573,33,24,9
673508,33,29,4
591112,33,29,4
583124,33,26,7
581101,33,28,5
577551,33,29,4
577415,33,33,0
571443,33,27,6
571302,33,27,6
571187,33,30,3
560102,33,9,24
560001,33,10,23
495686,33,26,7
492010,33,9,24
480109,33,28,5
477446,33,23,10
453112,33,16,17
444201,33,30,3
442403,33,22,11
431541,33,32,1
431214,33,32,1
425423,33,31,2
425402,33,32,1
425114,33,31,2
424104,33,31,2
423110,33,30,3
422002,33,20,13
416703,33,31,2
416514,33,31,2
413716,33,22,11
413604,33,29,4
413406,33,26,7
413324,33,31,2
413212,33,26,7
412304,33,32,1
387570,33,27,6
387365,33,32,1
383275,33,29,4
382170,33,33,0
380019,33,10,23
370645,33,29,4
370435,33,29,4
370405,33,28,5
365535,33,28,5
360040,33,19,14
360023,33,26,7
360021,33,19,14
343048,33,22,11
341318,33,23,10
333308,33,24,9
322701,33,24,9
321613,33,28,5
311022,33,22,11
306114,33,25,8
305003,33,9,24
304501,33,26,7
303323,33,24,9
302036,33,4,29
277402,33,25,8
246453,33,28,5
245404,33,18,15
229125,33,26,7
225208,33,30,3
221103,33,6,27
212210,33,15,18
205304,33,21,12
202139,33,27,6
181111,33,24,9
177220,33,28,5
176326,33,32,1
176053,33,27,6
171301,33,27,6
171009,33,17,16
131306,33,21,12
124107,33,20,13
122002,33,14,19
802135,32,26,6
799130,32,29,3
799001,32,29,3
796810,32,26,6
796186,32,22,10
784184,32,27,5
781021,32,25,7
691601,32,23,9
686681,32,26,6
685565,32,28,4
676551,32,25,7
676519,32,24,8
676122,32,23,9
673614,32,29,3
673585,32,25,7
673310,32,20,12
671316,32,23,9
670741,32,27,5
591345,32,31,1
591234,32,27,5
584167,32,24,8
583268,32,23,9
577550,32,28,4
577430,32,31,1
576211,32,25,7
574326,32,28,4
574199,32,21,11
573137,32,31,1
573123,32,31,1
573117,32,25,7
571232,32,25,7
571128,32,29,3
482009,32,13,19
466448,32,29,3
452007,32,12,20
444809,32,28,4
442914,32,25,7
425304,32,27,5
424116,32,29,3
424103,32,30,2
424102,32,27,5
423303,32,28,4
421001,32,19,13
415702,32,30,2
414305,32,31,1
413719,32,23,9
413508,32,28,4
413405,32,26,6
413315,32,29,3
412406,32,28,4
411058,32,12,20
411043,32,14,18
410202,32,27,5
400614,32,13,19
400602,32,15,17
400065,32,17,15
400056,32,17,15
400052,32,19,13
400042,32,20,12
396360,32,28,4
394350,32,30,2
393105,32,28,4
391156,32,32,0
390018,32,7,25
387360,32,31,1
387110,32,29,3
385520,32,22,10
384241,32,30,2
380006,32,11,21
370615,32,25,7
365450,32,27,5
364250,32,25,7
342010,32,2,30
342007,32,5,27
341517,32,24,8
341029,32,27,5
333302,32,23,9
331026,32,19,13
331021,32,21,11
325224,32,23,9
323026,32,28,4
322204,32,26,6
321642,32,16,16
321206,32,19,13
321021,32,18,14
313904,32,22,10
305408,32,27,5
277506,32,23,9
277403,32,24,8
277216,32,27,5
250607,32,10,22
246279,32,29,3
232221,32,23,9
231218,32,28,4
228133,32,25,7
227115,32,16,16
224230,32,22,10
203407,32,18,14
193505,32,27,5
180005,32,5,27
176601,32,28,4
174306,32,23,9
173218,32,30,2
172033,32,26,6
131408,32,25,7
127111,32,21,11
851130,31,28,3
841509,31,22,9
829116,31,16,15
828122,31,16,15
802351,31,28,3
800011,31,9,22
799254,31,27,4
797127,31,20,11
795140,31,12,19
792051,31,28,3
790105,31,30,1
790003,31,26,5
788834,31,30,1
788130,31,27,4
786012,31,29,2
785699,31,24,7
785669,31,27,4
785661,31,29,2
785609,31,27,4
783386,31,25,6
782137,31,24,7
781326,31,26,5
781035,31,12,19
744206,31,23,8
737102,30,10,20
733209,31,29,2
695572,31,23,8
685515,31,21,10
679324,31,23,8
676302,31,21,10
673620,31,22,9
670631,31,25,6
591242,31,22,9
591125,31,27,4
587205,31,28,3
587202,31,25,6
587124,31,24,7
583111,31,23,8
581412,31,30,1
581347,31,29,2
581186,31,30,1
581123,31,22,9
581105,31,28,3
580114,31,28,3
577229,31,25,6
577218,31,25,6
577129,31,29,2
574228,31,24,7
574154,31,23,8
573162,31,30,1
571431,31,27,4
571316,31,29,2
570028,31,13,18
570001,31,23,8
560039,31,9,22
493881,31,18,13
493776,31,26,5
481102,31,25,6
470771,31,23,8
466113,31,21,10
442102,31,27,4
440015,31,16,15
424109,31,29,2
424108,31,31,0
416612,31,28,3
416302,31,26,5
416221,31,23,8
416215,31,29,2
416201,31,22,9
416116,31,29,2
415502,31,26,5
415304,31,30,1
415114,31,30,1
415022,31,31,0
415015,31,26,5
413623,31,30,1
413528,31,29,2
413409,31,29,2
412412,31,29,2
412307,31,16,15
411036,31,18,13
403513,31,29,2
396375,31,28,3
396185,31,25,6
394620,31,27,4
394601,31,14,17
394240,31,28,3
384255,31,31,0
382750,31,30,1
364313,31,31,0
362565,31,26,5
361220,31,28,3
361140,31,21,10
306705,31,19,12
306119,31,19,12
306021,31,24,7
305203,31,21,10
276143,31,22,9
262547,31,30,1
246487,31,27,4
246176,31,31,0
245402,31,17,14
242607,31,28,3
231321,31,16,15
225402,31,26,5
225125,31,27,4
211010,31,21,10
177043,31,26,5
177041,31,25,6
176217,31,28,3
175128,31,27,4
174308,31,26,5
173235,31,26,5
172030,31,26,5
171225,31,27,4
160036,31,15,16
131028,31,13,18
844117,30,29,1
841240,30,20,10
841206,30,25,5
828101,30,15,15
825314,30,16,14
800111,30,25,5
799142,30,30,0
788112,30,28,2
783389,30,24,6
781017,30,28,2
679322,30,18,12
679321,30,23,7
678583,30,26,4
676521,30,24,6
673506,30,24,6
670650,30,25,5
591231,30,23,7
591215,30,24,6
591128,30,29,1
591107,30,25,5
584170,30,18,12
581315,30,30,0
577115,30,28,2
576219,30,28,2
575020,30,15,15
574323,30,27,3
574153,30,19,11
572142,30,28,2
571448,30,25,5
571119,30,28,2
571116,30,27,3
570017,30,8,22
563147,30,27,3
563113,30,29,1
560098,30,7,23
560024,30,7,23
560019,30,11,19
560017,30,13,17
495223,30,13,17
490026,30,11,19
471516,30,24,6
456331,30,19,11
445209,30,27,3
444510,30,23,7
443112,30,28,2
441113,30,24,6
425422,30,26,4
425115,30,29,1
423108,30,26,4
422401,30,18,12
422012,30,20,10
421304,30,21,9
416521,30,30,0
416207,30,22,8
415609,30,28,2
415407,30,26,4
413739,30,26,4
413223,30,28,2
413220,30,28,2
413105,30,27,3
411009,30,23,7
400603,30,14,16
400084,30,22,8
400063,30,16,14
400061,30,14,16
396450,30,10,20
394690,30,28,2
394680,30,29,1
394633,30,30,0
394510,30,14,16
394310,30,21,9
394180,30,14,16
391430,30,26,4
388160,30,30,0
382260,30,16,14
364490,30,22,8
360060,30,21,9
333035,30,21,9
332303,30,22,8
332026,30,21,9
331801,30,16,14
328028,30,29,1
327605,30,20,10
326529,30,15,15
322703,30,22,8
322034,30,26,4
306307,30,19,11
305205,30,17,13
304803,30,21,9
277213,30,23,7
263643,30,24,6
263639,30,27,3
246177,30,30,0
243002,30,9,21
230203,30,7,23
229501,30,25,5
226201,30,17,13
225003,30,26,4
221112,30,9,21
202412,30,14,16
177106,30,27,3
176225,30,26,4
176054,30,24,6
174035,30,28,2
174031,30,23,7
174004,30,22,8
173236,30,25,5
172024,30,26,4
160047,30,13,17
133202,30,26,4
132040,30,19,11
127307,30,24,6
854338,29,22,7
847213,29,23,6
841214,29,24,5
831013,29,21,8
831006,29,8,21
824129,29,29,0
813206,29,25,4
805108,29,26,3
803306,29,28,1
800016,29,20,9
796770,29,24,5
795136,29,19,10
795004,29,15,14
792101,29,27,2
784502,29,27,2
782490,29,23,6
781011,29,23,6
691536,29,20,9
690502,29,15,14
686673,29,20,9
686513,29,21,8
673574,29,21,8
673019,29,18,11
670703,29,20,9
670673,29,22,7
670511,29,20,9
591239,29,23,6
591216,29,21,8
584135,29,22,7
583223,29,22,7
581103,29,23,6
577589,29,24,5
576213,29,20,9
574229,29,23,6
574219,29,23,6
574218,29,28,1
574210,29,28,1
573126,29,29,0
571610,29,22,7
571427,29,26,3
571216,29,20,9
571214,29,21,8
571213,29,14,15
560038,29,10,19
560033,29,10,19
560025,29,11,18
485114,29,27,2
444603,29,19,10
440036,29,13,16
425504,29,27,2
425116,29,25,4
424303,29,26,3
422602,29,26,3
421005,29,12,17
416811,29,29,0
416518,29,28,1
416313,29,21,8
416223,29,29,0
416002,29,24,5
415722,29,27,2
415307,29,27,2
413301,29,24,5
413008,29,20,9
412102,29,24,5
411023,29,22,7
411016,29,13,16
403001,29,19,10
402207,29,27,2
401504,26,12,14
400076,29,11,18
395001,29,12,17
394355,29,26,3
391780,29,26,3
391445,29,27,2
391250,29,25,4
390022,29,15,14
388625,29,27,2
388520,29,28,1
388245,29,24,5
387355,29,24,5
383316,29,27,2
383225,29,25,4
382855,29,26,3
382745,29,26,3
382470,29,10,19
382028,29,10,19
370675,29,26,3
364275,29,29,0
362002,29,14,15
360480,29,23,6
360022,29,10,19
341533,29,21,8
341317,29,19,10
333027,29,16,13
332411,29,16,13
332316,29,22,7
321410,29,16,13
313003,29,22,7
305627,29,24,5
301018,29,12,17
277210,29,24,5
273005,29,15,14
262572,29,23,6
252524,29,16,13
252425,29,9,20
231222,29,16,13
230126,29,17,12
229316,29,24,5
226026,29,14,15
221006,29,10,19
207504,29,25,4
203399,29,26,3
184145,29,21,8
181205,29,10,19
181101,29,15,14
180015,29,7,22
177213,29,21,8
177033,29,17,12
177029,29,24,5
175002,29,20,9
172106,29,22,7
172032,29,25,4
172025,29,26,3
171204,29,27,2
123301,29,23,6
851126,28,24,4
841404,28,21,7
829209,28,22,6
828129,28,15,13
805132,28,27,1
799108,28,25,3
799013,28,27,1
795009,28,20,8
781015,28,22,6
781001,28,23,5
744105,28,14,14
691508,28,21,7
685620,28,24,4
683572,28,20,8
683513,28,20,8
679571,28,21,7
678601,28,24,4
671322,28,18,10
671313,28,24,4
670693,28,25,3
670672,28,26,2
670592,28,19,9
670571,28,19,9
670102,28,22,6
609609,28,19,9
605502,28,19,9
605106,28,19,9
605008,28,12,16
591247,28,22,6
591131,28,24,4
586206,28,18,10
583221,28,19,9
583123,28,18,10
582115,28,25,3
581301,27,19,8
577425,28,27,1
577422,28,25,3
577302,28,24,4
576117,28,22,6
574144,28,23,5
573165,28,26,2
573142,28,25,3
571463,28,27,1
563120,28,21,7
561206,28,26,2
488051,28,24,4
473249,28,26,2
457002,28,26,2
444409,28,26,2
443401,28,26,2
431606,28,20,8
425311,28,26,2
423602,28,24,4
422102,28,16,12
416610,28,27,1
416604,28,27,1
416010,28,25,3
415640,28,28,0
415020,28,26,2
413534,28,24,4
410512,28,26,2
403707,28,21,7
402122,28,27,1
400031,28,22,6
400010,28,20,8
391520,28,28,0
391244,28,26,2
391220,28,24,4
388350,28,24,4
387115,28,28,0
384272,28,28,0
382732,28,22,6
382140,28,28,0
380052,28,4,24
380050,28,4,24
370511,28,25,3
370115,28,26,2
364070,28,27,1
360330,28,18,10
335065,28,18,10
335040,28,26,2
333011,28,22,6
332603,28,19,9
331502,28,13,15
326520,28,16,12
324003,28,4,24
313326,28,10,18
305923,28,24,4
305415,28,20,8
276104,28,28,0
273205,28,20,8
263636,28,25,3
250004,28,19,9
249126,28,25,3
246175,28,26,2
243204,28,19,9
231220,28,16,12
225407,28,21,7
212304,28,17,11
205247,28,14,14
202414,28,13,15
192126,28,27,1
190008,28,5,23
176021,28,23,5
175006,28,20,8
174301,28,21,7
174023,28,24,4
174003,28,23,5
174002,28,27,1
136020,28,16,12
127025,28,16,12
125049,28,20,8
124412,28,22,6
124142,28,15,13
854206,27,26,1
851215,27,25,2
847428,27,20,7
847123,27,21,6
845102,27,20,7
831009,27,16,11
829103,27,16,11
802113,27,24,3
800027,27,6,21
799006,27,16,11
795150,27,20,7
791121,27,23,4
788121,27,22,5
785701,27,24,3
784501,27,22,5
781007,27,19,8
781005,27,14,13
781003,27,16,11
744205,27,19,8
695542,27,21,6
695502,27,18,9
689695,27,19,8
686671,27,21,6
679338,27,18,9
673008,27,18,9
671532,27,14,13
670704,27,22,5
670301,27,23,4
591241,27,24,3
591124,27,18,9
585106,27,4,23
581354,27,22,5
581323,27,27,0
580118,27,24,3
577596,27,24,3
577531,27,22,5
577423,27,25,2
575002,27,19,8
574198,27,22,5
574104,27,16,11
573164,27,25,2
562128,27,26,1
485005,27,8,19
482008,27,11,16
431215,27,19,8
425507,27,24,3
421604,27,20,7
416202,27,23,4
416143,27,20,7
415621,27,22,5
415525,27,24,3
415021,27,27,0
414303,27,24,3
401610,27,26,1
400615,27,9,18
400033,27,17,10
400002,27,19,8
396220,27,23,4
396170,27,18,9
396045,27,27,0
394335,27,25,2
393010,27,14,13
391130,27,26,1
390023,27,6,21
388430,27,22,5
388170,27,24,3
388130,27,24,3
384410,27,26,1
384120,27,26,1
383317,27,26,1
382006,27,12,15
370627,27,27,0
370490,27,27,0
364730,27,24,3
364530,27,24,3
362215,27,26,1
361010,27,22,5
360360,27,17,10
342310,27,23,4
321615,27,17,10
281504,27,21,6
276103,27,26,1
272173,27,24,3
271802,27,14,13
271234,27,25,2
262801,27,24,3
250612,27,9,18
249202,27,9,18
249194,27,21,6
246163,27,27,0
230146,27,17,10
211007,27,12,15
208006,27,15,12
194403,27,23,4
190012,27,14,13
177208,27,23,4
177048,27,22,5
176037,27,22,5
175021,27,19,8
175004,27,23,4
172111,27,24,3
132023,27,20,7
126110,27,24,3
841302,26,14,12
841218,26,23,3
841201,26,25,1
829201,26,20,6
828404,26,12,14
824234,26,21,5
798613,26,20,6
796025,26,18,8
795115,26,23,3
793019,26,12,14
788102,26,21,5
785015,26,24,2
781128,26,23,3
695601,26,18,8
690503,26,19,7
673577,26,20,6
673521,26,20,6
671310,26,22,4
670691,26,26,0
591153,26,21,5
591113,26,20,6
591111,26,25,1
591110,26,22,4
587114,26,22,4
584136,26,22,4
581450,26,26,0
581333,26,26,0
581129,26,26,0
577452,26,25,1
577124,26,24,2
576234,26,24,2
576210,26,24,2
575017,26,11,15
571603,26,22,4
571417,26,23,3
571252,26,22,4
571231,26,23,3
571126,26,26,0
560092,26,7,19
560030,26,9,17
497115,26,24,2
494551,26,24,2
484117,26,19,7
465106,26,10,16
461444,26,21,5
444104,26,23,3
442406,26,19,7
441913,26,25,1
441112,26,22,4
431719,26,25,1
424207,26,26,0
424006,26,22,4
416529,26,25,1
416408,26,24,2
416303,26,22,4
416007,26,19,7
415537,26,25,1
415303,26,22,4
414201,26,22,4
411040,26,14,12
410515,26,26,0
402403,26,21,5
402101,26,24,2
396510,26,20,6
393020,26,23,3
387370,26,19,7
385010,26,25,1
384421,26,24,2
382865,26,23,3
382830,26,20,6
370665,26,24,2
370601,26,23,3
370450,26,24,2
362550,26,19,7
362015,26,14,12
342026,26,4,22
322029,26,18,8
321610,26,17,9
312606,26,17,9
302040,26,2,24
281006,26,19,7
276505,26,3,23
276106,26,25,1
272120,26,25,1
271663,26,1,25
263664,26,25,1
262904,26,14,12
250110,26,17,9
246495,26,24,2
246129,26,26,0
245202,26,14,12
244101,26,26,0
241502,26,14,12
230002,26,18,8
229311,26,22,4
229201,26,16,10
226212,26,2,24
226018,26,15,11
203397,26,18,8
193108,26,19,7
177042,26,23,3
177026,26,21,5
177024,26,22,4
176325,26,25,1
176039,26,20,6
176030,26,23,3
175139,26,26,0
175039,26,22,4
173021,26,20,6
124111,26,13,13
124102,26,19,7
124021,26,21,5
111111,26,10,16
851135,25,17,8
848216,25,22,3
843124,25,23,2
831003,25,17,8
829150,25,15,10
829115,25,22,3
829114,25,19,6
829109,25,16,9
829104,25,14,11
829102,25,16,9
824116,25,25,0
802352,25,24,1
800023,25,17,8
799157,25,24,1
781040,25,14,11
737122,25,19,6
686510,25,20,5
686011,25,17,8
679303,25,20,5
676541,25,20,5
676304,25,21,4
673637,25,16,9
673601,25,17,8
673523,25,22,3
673105,25,22,3
673003,25,18,7
671124,25,13,12
670646,25,23,2
609607,25,17,8
605501,25,16,9
605004,25,11,14
591254,25,25,0
585415,25,22,3
585353,25,19,6
585304,25,24,1
585303,25,21,4
581353,25,22,3
581331,25,25,0
581201,25,23,2
581117,25,19,6
580032,25,13,12
580011,25,20,5
580003,25,6,19
577180,25,25,0
577136,25,23,2
577123,25,21,4
576230,25,21,4
576229,25,21,4
576212,25,23,2
576201,25,16,9
574143,25,18,7
574142,25,16,9
574116,25,17,8
573141,25,23,2
572134,25,25,0
571212,25,22,3
570011,25,11,14
560020,25,14,11
560013,25,8,17
497102,25,25,0
482056,25,20,5
480447,25,16,9
454280,25,24,1
444711,25,24,1
444126,25,19,6
431750,25,15,10
431736,25,21,4
425309,25,23,2
423201,25,21,4
423111,25,21,4
422011,25,7,18
422005,25,9,16
416608,25,24,1
416309,25,20,5
415607,25,24,1
415522,25,25,0
415415,25,23,2
415312,25,24,1
415010,25,23,2
413721,25,23,2
413718,25,21,4
413226,25,25,0
403107,25,25,0
402306,25,25,0
402117,25,22,3
400018,25,21,4
394105,25,6,19
391810,25,24,1
391775,25,19,6
391310,25,15,10
391175,25,24,1
388120,25,13,12
387710,25,22,3
384130,25,23,2
383421,25,23,2
382835,25,22,3
382145,25,25,0
380054,25,2,23
370135,25,22,3
365550,25,24,1
363427,25,24,1
362227,25,22,3
362030,25,22,3
361013,25,21,4
361004,25,2,23
360576,25,19,6
360450,25,20,5
360030,25,21,4
333030,25,20,5
332722,25,18,7
332714,25,16,9
332304,25,18,7
325208,25,17,8
307501,25,14,11
285131,25,3,22
284501,25,21,4
284135,25,4,21
276140,25,12,13
272096,25,19,6
263660,25,24,1
263655,25,21,4
262533,25,21,4
244224,25,13,12
243126,25,10,15
241401,25,24,1
230205,25,3,22
230131,25,19,6
226025,25,6,19
209305,25,17,8
203389,25,21,4
201010,25,3,22
177211,25,22,3
177103,25,20,5
177038,25,23,2
176216,25,21,4
176115,25,19,6
176110,25,17,8
176076,25,20,5
175028,25,24,1
174305,25,19,6
171003,25,17,8
132022,25,19,6
131304,25,16,9
123456,25,9,16
847305,24,21,3
831011,24,11,13
828302,24,12,12
816115,24,23,1
813224,24,22,2
802157,24,22,2
802115,24,20,4
799262,24,21,3
798624,24,24,0
796036,24,14,10
788127,24,17,7
788108,24,22,2
784154,24,18,6
783374,24,15,9
781365,24,23,1
744201,24,23,1
691533,24,19,5
690517,24,17,7
689501,24,18,6
686664,24,17,7
686605,24,20,4
686001,24,17,7
683101,24,11,13
679332,24,17,7
679326,24,20,4
671121,24,16,8
670621,24,21,3
591263,24,22,2
591225,24,21,3
591211,24,21,3
586121,24,17,7
584203,24,20,4
581440,24,24,0
581400,23,22,1
581332,24,20,4
581145,24,17,7
581112,24,22,2
575030,24,15,9
575018,24,15,9
572105,24,10,14
571490,24,22,2
571253,24,17,7
571237,24,21,3
570018,24,6,18
563103,24,19,5
475685,24,19,5
460444,24,23,1
456663,24,18,6
442503,24,21,3
441226,24,22,2
441001,24,16,8
440025,24,13,11
422207,24,21,3
416630,24,24,0
416501,24,23,1
416436,24,12,12
415719,24,24,0
415513,24,20,4
415505,24,22,2
415003,24,18,6
413711,24,22,2
413252,24,21,3
413218,24,22,2
413217,24,21,3
401401,24,22,2
401301,24,12,12
401204,24,23,1
400003,24,17,7
396430,24,23,1
394405,24,21,3
392015,24,10,14
391740,24,16,8
389250,24,23,1
388315,24,11,13
387350,24,21,3
383240,24,24,0
382321,24,19,5
382007,24,14,10
364740,24,18,6
360578,24,8,16
343023,24,15,9
342011,24,2,22
341542,24,14,10
335023,24,21,3
333034,24,18,6
333032,24,17,7
331504,24,14,10
331503,24,17,7
306912,24,10,14
306709,24,15,9
305201,24,16,8
284214,24,1,23
283103,24,16,8
263665,24,23,1
246482,24,19,5
246159,24,23,1
244415,24,9,15
242406,24,19,5
231221,24,16,8
230403,24,11,13
229135,24,14,10
224184,24,16,8
221210,24,9,15
221116,24,17,7
206130,24,11,13
202398,24,10,14
202010,24,16,8
177020,24,19,5
176040,24,21,3
176033,24,19,5
176028,24,19,5
175034,24,20,4
172021,24,21,3
171221,24,22,2
160101,24,12,12
134007,24,15,9
132145,24,17,7
131305,24,17,7
127114,24,13,11
127027,24,15,9
125038,24,15,9
123502,24,17,7
122017,24,8,16
831005,23,7,16
802221,23,20,3
802127,23,21,2
793016,23,10,13
788006,23,18,5
786145,23,19,4
786054,23,20,3
784177,23,22,1
784028,23,19,4
781133,23,19,4
695122,23,15,8
686662,23,17,6
680306,23,19,4
679339,23,15,8
679335,23,19,4
678508,23,16,7
673631,23,15,8
671542,23,18,5
671533,23,14,9
671317,23,14,9
670622,23,21,2
670612,23,17,6
670602,23,19,4
591238,23,20,3
581363,23,20,3
581339,23,22,1
577566,23,13,10
577558,23,22,1
577416,23,21,2
577411,23,22,1
577231,23,16,7
577230,23,20,3
577226,23,22,1
577145,23,20,3
577003,23,15,8
576283,23,20,3
576124,23,22,1
575014,23,10,13
574242,23,18,5
574240,23,17,6
574151,23,12,11
574122,23,22,1
573202,23,11,12
571478,23,21,2
571435,23,19,4
570022,23,4,19
570003,23,13,10
560103,23,7,16
485445,23,15,8
476226,23,23,0
470662,23,19,4
455112,23,14,9
451337,23,21,2
422214,23,23,0
416411,23,21,2
416409,23,17,6
416306,23,20,3
415714,23,22,1
415524,23,21,2
415510,23,22,1
415412,23,19,4
415411,23,21,2
413624,23,21,2
413526,23,23,0
403404,23,23,0
402307,23,22,1
401503,23,19,4
400049,23,10,13
400013,23,17,6
394720,23,19,4
391410,23,13,10
391340,23,20,3
391155,23,21,2
391115,23,18,5
389002,23,14,9
384290,23,18,5
384212,23,23,0
370415,23,19,4
370040,23,15,8
365660,23,20,3
364465,23,13,10
364330,23,21,2
364265,23,23,0
362730,23,17,6
362205,23,19,4
332721,23,17,6
331025,23,16,7
313015,23,19,4
313004,23,8,15
306601,23,10,13
305924,23,20,3
262310,23,16,7
250619,23,17,6
250205,23,16,7
246166,23,22,1
246148,23,21,2
246124,23,20,3
243205,23,19,4
231206,23,14,9
228120,23,12,11
226103,23,14,9
221102,23,5,18
206451,23,20,3
202150,23,17,6
180006,23,7,16
177108,23,19,4
177028,23,20,3
176084,23,19,4
176063,23,18,5
175052,23,18,5
173234,23,22,1
172117,23,23,0
172115,23,17,6
136136,23,17,6
136030,23,20,3
124411,23,17,6
124104,23,17,6
123103,23,15,8
847215,22,17,5
843116,22,20,2
832106,22,19,3
828301,22,9,13
821303,22,14,8
811320,22,21,1
805112,22,21,1
800026,22,4,18
800003,22,8,14
797115,22,12,10
791113,22,16,6
788118,22,19,3
788103,22,19,3
786623,22,21,1
781025,22,14,8
781008,22,9,13
695008,22,13,9
691310,22,15,7
686502,22,14,8
685602,22,17,5
685553,22,13,9
683574,22,17,5
682002,22,11,11
679513,22,16,6
676517,22,13,9
673642,22,18,4
673613,22,20,2
673012,22,11,11
670601,22,17,5
670009,22,16,6
591236,22,20,2
591136,22,17,5
591118,22,17,5
590020,22,17,5
590002,22,18,4
584202,22,17,5
581401,22,14,8
581352,22,19,3
581351,22,22,0
581327,22,20,2
581206,22,19,3
577120,22,21,1
576227,22,20,2
573113,22,21,1
571606,22,12,10
571429,22,16,6
571247,22,19,3
571106,22,21,1
495678,22,9,13
492011,22,8,14
492008,22,7,15
487885,22,20,2
477005,22,21,1
465331,22,3,19
462041,22,2,20
460332,22,22,0
457227,22,16,6
456003,22,18,4
444907,22,21,1
443104,22,20,2
442917,22,16,6
431502,22,18,4
431148,22,18,4
424004,22,20,2
416713,22,22,0
416707,22,22,0
416616,22,22,0
416418,22,22,0
416119,22,16,6
416013,22,12,10
415708,22,19,3
415309,22,21,1
414607,22,17,5
414606,22,20,2
413736,22,22,0
413717,22,19,3
413708,22,21,1
413403,22,22,0
412109,22,16,6
412103,22,20,2
411007,22,11,11
410513,22,20,2
400082,22,14,8
400027,22,16,6
392170,22,19,3
392020,22,19,3
388440,22,20,2
388140,22,19,3
387380,22,18,4
384350,22,21,1
384246,22,21,1
382320,22,18,4
380009,22,7,15
365610,22,18,4
364135,22,19,3
361007,22,8,14
332042,22,18,4
306706,22,13,9
305819,22,15,7
305629,22,18,4
305625,22,19,3
305005,22,10,12
285223,22,16,6
277504,22,18,4
274602,22,16,6
273003,22,10,12
271310,22,20,2
250625,22,11,11
246146,22,22,0
233002,22,4,18
230127,22,12,10
229208,22,18,4
229124,22,17,5
229103,22,18,4
226023,22,2,20
212103,22,13,9
206002,22,14,8
201005,22,5,17
190025,22,11,11
190005,22,11,11
177023,22,18,4
176101,22,20,2
176095,22,15,7
176088,22,19,3
176064,22,18,4
176049,22,18,4
176026,22,20,2
174024,22,17,5
172113,22,21,1
172109,22,20,2
172029,22,18,4
171005,21,16,5
160019,22,9,13
122003,22,10,12
833213,21,18,3
829149,21,13,8
829118,21,15,6
812003,21,13,8
799250,21,12,9
799202,21,20,1
798614,21,17,4
792102,21,20,1
786615,21,18,3
786008,21,17,4
785102,21,16,5
781022,21,14,7
781019,21,14,7
781016,21,11,10
744303,21,20,1
695607,21,14,7
695573,21,8,13
695562,21,19,2
695505,21,13,8
691531,21,16,5
691523,21,15,6
689696,21,15,6
689645,21,11,10
686651,21,15,6
685606,21,18,3
683105,21,12,9
682301,21,14,7
680664,21,13,8
680586,21,17,4
676525,21,15,6
676301,21,14,7
673661,21,13,8
673645,21,17,4
673611,21,19,2
673541,21,20,1
671315,21,16,5
670644,21,19,2
670303,21,12,9
605010,21,11,10
591287,21,14,7
583211,21,12,9
583112,21,14,7
581356,21,21,0
581319,21,21,0
581107,21,19,2
577232,21,20,1
577135,21,18,3
577127,21,21,0
576102,21,12,9
574265,21,17,4
574236,21,20,1
574150,21,13,8
574146,21,15,6
574106,21,16,5
571251,21,18,3
570015,21,12,9
560034,21,5,16
485002,21,15,6
466125,21,12,9
462026,21,7,14
457883,21,19,2
456670,21,18,3
444607,21,11,10
444511,21,19,2
425410,21,20,1
422304,21,20,1
421403,21,21,0
415637,21,20,1
415603,21,19,2
415410,21,19,2
415403,21,20,1
415202,21,21,0
415102,21,18,3
413410,21,21,0
412401,21,21,0
411060,21,8,13
411013,21,16,5
411005,21,13,8
403530,21,21,0
402116,21,14,7
401702,21,20,1
401502,21,17,4
396325,21,17,4
396193,21,15,6
395017,21,5,16
388570,21,19,2
388335,21,21,0
388325,21,11,10
387310,21,17,4
384340,21,18,3
384221,21,21,0
382740,21,18,3
382730,21,20,1
382455,21,21,0
380059,21,9,12
380023,21,10,11
364765,21,16,5
363115,21,20,1
363035,21,3,18
362710,21,19,2
362310,21,9,12
362011,21,16,5
342012,21,6,15
332716,21,13,8
332030,21,12,9
306501,21,19,2
305024,21,8,13
304026,21,10,11
302038,21,16,5
301708,21,13,8
273308,21,14,7
273004,21,8,13
263630,21,19,2
261405,21,0,21
250402,21,13,8
248159,21,17,4
248011,21,7,14
244414,21,12,9
232325,21,10,11
229419,21,15,6
227120,21,16,5
212105,21,10,11
209749,21,18,3
209715,21,10,11
206003,21,14,7
205120,21,20,1
177401,21,17,4
177212,21,18,3
177112,21,20,1
177104,21,16,5
176098,21,19,2
176092,21,17,4
176087,21,16,5
175103,21,15,6
175030,21,19,2
175026,21,15,6
133101,21,16,5
125101,21,16,5
125054,21,16,5
124303,21,16,5
854328,20,12,8
851122,20,11,9
847204,20,15,5
833204,20,20,0
829132,20,15,5
828304,20,14,6
828142,20,17,3
827014,20,8,12
816119,20,16,4
799279,20,17,3
799132,20,20,0
792123,20,19,1
787030,20,17,3
786190,20,17,3
786126,20,15,5
785009,20,18,2
785004,20,19,1
784166,20,16,4
781034,20,6,14
781031,20,17,3
781028,20,6,14
695551,20,15,5
695524,20,12,8
695125,20,16,4
695121,20,12,8
695020,20,10,10
691583,20,11,9
690523,20,13,7
689647,20,14,6
689643,20,17,3
688561,20,15,5
683541,20,12,8
682021,20,6,14
680308,20,17,3
678506,20,13,7
676101,20,15,5
673307,20,17,3
673303,20,15,5
671552,20,17,3
671551,20,14,6
671123,20,11,9
670731,20,16,4
670595,20,15,5
670306,20,18,2
605107,20,13,7
585444,20,17,3
583203,20,7,13
581338,20,20,0
581326,20,17,3
581317,20,20,0
581304,20,16,4
577417,20,19,1
575007,20,7,13
574325,20,20,0
574223,20,15,5
574222,20,14,6
574216,20,17,3
574213,20,18,2
574203,20,13,7
574101,20,18,2
571249,20,16,4
560042,20,8,12
560015,20,9,11
492014,20,7,13
490020,20,9,11
465671,20,18,2
465221,20,13,7
462111,20,17,3
462011,20,6,14
457665,20,19,1
454729,20,19,1
445216,20,18,2
445210,20,19,1
444502,20,13,7
422013,20,6,14
416632,20,18,2
416605,20,20,0
416415,20,14,6
416234,20,14,6
415715,20,20,0
415706,20,18,2
415619,20,20,0
415413,20,17,3
414602,20,20,0
413720,20,17,3
411047,20,8,12
403410,20,20,0
401402,20,19,1
401207,20,8,12
400034,20,17,3
400015,20,16,4
396385,20,15,5
396150,20,20,0
394326,20,8,12
394115,20,12,8
392155,20,19,1
392011,20,7,13
390015,20,7,13
388480,20,20,0
388360,20,18,2
388345,20,11,9
388150,20,17,3
387560,20,17,3
382729,20,9,11
370460,20,14,6
365620,20,13,7
365460,20,17,3
363415,20,14,6
362520,20,16,4
362222,20,18,2
361345,20,15,5
360035,20,14,6
350001,20,9,11
342004,20,13,7
334301,20,16,4
332317,20,15,5
331031,20,13,7
327029,20,15,5
282012,20,3,17
271003,20,13,7
263638,20,19,1
252624,20,9,11
247601,20,5,15
246194,20,19,1
242606,20,18,2
242402,20,15,5
229121,20,16,4
207120,20,7,13
202392,20,8,12
201012,20,7,13
201008,20,7,13
194404,20,20,0
185136,20,19,1
177209,20,15,5
177113,20,19,1
177109,20,18,2
177034,20,18,2
176304,20,15,5
176214,20,16,4
176102,20,12,8
176082,20,15,5
174311,20,18,2
172118,20,18,2
171224,20,18,2
160014,20,12,8
134104,20,16,4
132102,20,12,8
125037,20,13,7
124401,20,10,10
123412,20,16,4
852210,19,14,5
852133,19,18,1
833221,19,13,6
829128,19,8,11
828130,19,10,9
828106,19,11,8
825317,19,10,9
813118,19,17,2
813116,19,17,2
793012,19,13,6
784503,19,18,1
781006,19,11,8
695571,19,9,10
695013,19,9,10
691501,19,14,5
690522,19,13,6
690521,19,11,8
688001,19,13,6
685608,19,16,3
683511,19,12,7
682006,19,9,10
680507,19,15,4
680506,19,16,3
679357,19,18,1
679333,19,15,4
676523,19,10,9
676507,19,15,4
673633,19,13,6
673586,19,13,6
673522,19,12,7
673503,19,15,4
673315,19,13,6
673121,19,11,8
670706,19,16,3
670642,19,13,6
670611,19,18,1
670582,19,14,5
670141,19,10,9
591229,19,14,5
591228,19,15,4
590008,19,13,6
582210,19,14,5
581384,19,17,2
581357,19,19,0
581341,19,17,2
581209,19,15,4
580004,19,9,10
576228,19,13,6
576223,19,18,1
574328,19,16,3
574313,19,12,7
574259,19,17,2
574248,19,17,2
574237,19,16,3
573150,19,19,0
562164,19,16,3
560046,19,6,13
497448,19,14,5
481106,19,18,1
480992,19,16,3
480105,19,17,2
473332,19,16,3
470122,19,17,2
462039,19,2,17
462032,19,7,12
452008,19,3,16
451222,19,15,4
445002,19,15,4
444312,19,17,2
441404,19,17,2
431006,19,10,9
425424,19,18,1
425420,19,19,0
425403,19,19,0
422201,19,13,6
421103,19,10,9
421002,19,12,7
416613,19,16,3
416551,19,18,1
416549,19,19,0
416407,19,17,2
416107,19,16,3
415617,19,19,0
415515,19,16,3
415401,19,15,4
415211,19,17,2
413251,19,19,0
403709,19,15,4
403005,19,16,3
400098,19,15,4
400024,19,15,4
400005,19,16,3
396023,19,4,15
394185,19,5,14
392040,19,19,0
392025,19,19,0
391243,19,11,8
390021,19,7,12
384305,19,19,0
382710,19,19,0
382265,19,17,2
382016,19,10,9
364110,19,14,5
361250,19,14,5
360577,19,9,10
343028,19,13,6
332029,19,13,6
321313,19,1,18
311606,19,19,0
301712,19,14,5
277305,19,7,12
277301,19,17,2
262410,19,14,5
248009,19,6,13
244905,19,12,7
244716,19,17,2
232494,19,11,8
229841,19,5,14
229123,19,12,7
224284,19,7,12
222605,19,0,19
221506,19,16,3
201307,19,9,10
177107,19,15,4
177040,19,14,5
176402,19,16,3
176211,19,17,2
176086,19,17,2
176081,19,14,5
175017,19,18,1
174312,19,16,3
172110,19,18,1
132115,19,12,7
132108,19,14,5
126152,19,17,2
125006,19,8,11
122006,19,8,11
121009,19,5,14
851117,18,9,9
847237,18,16,2
835218,18,16,2
829127,18,9,9
829113,18,15,3
828207,18,12,6
825329,18,18,0
825303,18,6,12
805141,18,8,10
798622,18,11,7
797003,18,13,5
790103,18,17,1
788008,18,12,6
786005,18,16,2
784513,18,14,4
784162,18,18,0
781038,18,8,10
695543,18,13,5
695506,18,12,6
691577,18,9,9
691537,18,15,3
691502,18,12,6
691001,18,13,5
689691,18,13,5
689672,18,15,3
689662,18,15,3
686670,18,15,3
686668,18,14,4
686633,18,12,6
686576,18,17,1
686019,18,12,6
685619,18,11,7
685588,18,15,3
683544,18,14,4
683516,18,14,4
682308,18,11,7
676307,18,15,3
676303,18,12,6
673640,18,13,5
673591,18,13,5
673575,18,15,3
673513,18,15,3
670701,18,13,5
670633,18,14,4
670613,18,16,2
670101,18,13,5
670006,18,14,4
609606,18,14,4
609604,18,12,6
609603,18,12,6
581324,18,17,1
580021,18,7,11
577220,18,17,1
577114,18,16,2
575029,18,7,11
575023,18,9,9
574314,18,18,0
574201,18,10,8
570021,18,13,5
497447,18,11,7
485780,18,11,7
480885,18,16,2
474116,18,3,15
474007,18,13,5
455048,18,12,6
454333,18,15,3
451117,18,17,1
440004,18,9,9
431153,18,18,0
416812,18,13,5
416531,18,18,0
416522,18,18,0
416104,18,16,2
415802,18,17,1
415728,18,18,0
415713,18,16,2
415710,18,14,4
415302,18,16,2
414504,18,12,6
413707,18,16,2
413108,18,17,1
411045,18,8,10
403521,18,9,9
402204,18,17,1
401601,18,16,2
400610,18,5,13
396427,18,12,6
391450,18,16,2
390017,18,10,8
388320,18,16,2
387210,18,15,3
384205,18,13,5
383320,18,18,0
382465,18,18,0
370630,18,16,2
370130,18,17,1
364760,18,17,1
363351,18,18,0
363320,18,16,2
362625,18,17,1
361002,18,9,9
360440,18,18,0
357997,18,0,18
344024,18,6,12
341515,18,12,6
323306,18,17,1
307019,18,15,3
306602,18,12,6
302025,18,1,17
271406,18,13,5
271320,18,11,7
263127,18,10,8
250621,18,15,3
248141,18,16,2
246165,18,18,0
246125,18,14,4
242123,18,17,1
231209,18,10,8
229503,18,13,5
226401,18,9,9
212666,18,10,8
212311,18,8,10
204106,18,13,5
202389,18,2,16
201310,18,6,12
194105,18,16,2
190023,18,8,10
177207,18,15,3
176043,18,13,5
176042,18,14,4
176038,18,14,4
175104,18,14,4
174013,18,13,5
173213,18,11,7
172027,18,15,3
159852,18,15,3
136038,18,13,5
126153,18,13,5
124202,18,12,6
121013,18,1,17
813123,17,17,0
802302,17,7,10
799009,17,14,3
798615,17,14,3
790114,17,9,8
784189,17,15,2
737120,17,15,2
737103,17,15,2
695584,17,11,6
695304,17,14,3
695141,17,12,5
691554,17,14,3
691532,17,15,2
691503,17,11,6
691302,17,8,9
690514,17,14,3
690504,17,11,6
688004,17,9,8
686573,17,15,2
686541,17,14,3
686514,17,12,5
685533,17,14,3
682001,17,13,4
680683,17,15,2
680567,17,15,2
680121,17,11,6
679577,17,10,7
679573,17,12,5
679552,17,9,8
679503,17,15,2
679340,17,12,5
679122,17,10,7
678631,17,13,4
678001,17,11,6
676504,17,15,2
676305,17,10,7
673582,17,12,5
673106,17,14,3
671324,17,14,3
671318,17,11,6
670721,17,14,3
670594,17,12,5
670593,17,12,5
670581,17,15,2
670007,17,12,5
605013,17,10,7
591340,17,12,5
591223,17,10,7
590011,17,6,11
587316,17,14,3
583154,17,13,4
582204,17,15,2
581316,17,16,1
580029,17,7,10
580002,17,10,7
577424,17,15,2
577160,17,17,0
575028,17,9,8
575006,17,10,7
574234,17,13,4
574232,17,16,1
574230,17,13,4
574118,17,11,6
574114,17,14,3
574107,17,14,3
574102,17,13,4
570024,17,14,3
560041,17,5,12
497127,17,17,0
486887,17,6,11
484664,17,14,3
471202,17,11,6
462018,17,7,10
461772,17,12,5
461551,17,15,2
454666,17,17,0
452018,17,3,14
451665,17,16,1
444304,17,15,2
444006,17,14,3
442105,17,11,6
441602,17,14,3
441406,17,15,2
441303,17,15,2
425113,17,16,1
424318,17,17,0
424209,17,14,3
424203,17,15,2
422222,17,11,6
416419,17,12,5
416232,17,14,3
415214,17,17,0
413713,17,12,5
413412,17,13,4
413303,17,15,2
413224,17,14,3
412110,17,15,2
411061,17,5,12
403602,17,10,7
402113,17,17,0
402102,17,17,0
401106,17,7,10
400053,17,9,8
400030,17,12,5
396475,17,14,3
396433,17,13,4
394810,17,14,3
394315,17,12,5
394125,17,10,7
393150,17,16,1
392165,17,14,3
387540,17,16,1
382850,17,13,4
382840,17,15,2
382610,17,12,5
382463,17,17,0
382422,17,15,2
382024,17,5,12
370610,17,17,0
370475,17,16,1
370455,17,16,1
362725,17,15,2
362229,17,13,4
334403,17,2,15
325209,17,12,5
322704,17,9,8
314026,17,10,7
284120,17,6,11
275206,17,0,17
272214,17,11,6
271712,17,10,7
263629,17,13,4
262908,17,9,8
262520,17,16,1
261125,17,13,4
254123,17,3,14
252321,17,11,6
248013,17,14,3
246488,17,17,0
246426,17,16,1
244227,17,8,9
242006,17,11,6
235656,17,5,12
212660,17,8,9
209505,17,12,5
201501,17,17,0
201015,17,12,5
194202,17,17,0
192213,17,13,4
182312,17,16,1
177111,17,15,2
177044,17,14,3
176501,17,17,0
176077,17,13,4
175130,17,13,4
175050,17,15,2
174314,17,16,1
172105,17,16,1
134116,17,12,5
134113,17,8,9
131403,17,13,4
131039,17,14,3
124504,17,10,7
835306,16,13,3
831018,16,6,10
829143,16,12,4
829124,16,13,3
828206,16,10,6
828103,16,8,8
827012,16,6,10
824216,16,15,1
804434,16,15,1
803216,16,13,3
801506,16,12,4
799120,16,11,5
796008,16,12,4
793107,16,10,6
793007,16,14,2
786187,16,16,0
786185,16,16,0
784150,16,16,0
784102,16,15,1
781134,16,15,1
744207,16,11,5
695523,16,10,6
695102,16,11,5
691576,16,9,7
691526,16,11,5
691333,16,9,7
690573,16,14,2
690533,16,12,4
690520,16,10,6
689101,16,11,5
686693,16,14,2
686692,16,12,4
686631,16,9,7
686577,16,14,2
686563,16,14,2
686509,16,12,4
686503,16,14,2
686102,16,11,5
680587,16,10,6
680503,16,13,3
680307,16,9,7
679579,16,11,5
679341,16,11,5
679327,16,13,3
678683,16,12,4
678622,16,11,5
676528,16,15,1
676501,16,11,5
673634,16,13,3
673632,16,13,3
673616,16,13,3
673604,16,13,3
673323,16,14,2
670694,16,16,0
670671,16,14,2
605102,16,9,7
591156,16,11,5
591147,16,14,2
585210,16,15,1
581330,16,16,0
581128,16,14,2
576215,16,15,1
576107,16,12,4
576105,16,13,3
575008,16,4,12
574253,16,11,5
495682,16,13,3
486885,16,9,7
480663,16,15,1
480112,16,13,3
473993,16,13,3
470667,16,12,4
462000,16,7,9
461881,16,12,4
461778,16,15,1
458474,16,13,3
457994,16,16,0
457119,16,11,5
444111,16,14,2
442304,16,14,2
441228,16,14,2
440003,16,14,2
431725,16,14,2
425203,15,15,0
422308,16,13,3
416314,16,16,0
416102,16,14,2
415626,16,15,1
415527,16,16,0
415209,16,16,0
413723,16,16,0
413722,16,13,3
413206,16,15,1
412215,16,14,2
411051,16,3,13
411032,16,9,7
410516,16,16,0
403516,16,14,2
403105,16,16,0
402309,16,14,2
401405,16,14,2
400020,16,6,10
396570,16,14,2
396466,16,15,1
396409,16,14,2
394410,16,15,1
392035,16,13,3
391745,16,15,1
390020,16,11,5
387411,16,8,8
387375,16,13,3
382255,16,16,0
370670,16,16,0
370620,16,14,2
370485,16,16,0
370160,16,15,1
365545,16,15,1
365435,16,14,2
362269,16,10,6
360070,16,12,4
335705,16,14,2
333702,16,6,10
332302,16,11,5
305812,16,11,5
305630,16,14,2
302024,16,0,16
281501,16,13,3
281104,16,7,9
274504,16,4,12
262502,16,13,3
249403,16,7,9
247162,16,7,9
246441,16,13,3
245408,16,10,6
241566,16,12,4
233201,16,3,13
232339,16,12,4
229502,16,12,4
229128,16,16,0
227105,16,14,2
226202,16,6,10
226011,16,4,12
226006,16,10,6
225408,16,10,6
212121,16,1,15
177206,16,15,1
177114,16,13,3
176093,16,14,2
175140,16,16,0
175014,16,14,2
174507,16,15,1
174304,16,11,5
174302,16,14,2
174015,16,14,2
171222,16,13,3
134112,16,7,9
133005,16,5,11
127312,16,13,3
124505,16,11,5
124406,16,11,5
124022,16,7,9
851210,15,10,5
847214,15,8,7
841446,15,13,2
841223,15,15,0
833202,15,15,0
831017,15,6,9
831008,15,10,5
829210,15,7,8
825326,15,12,3
821302,15,9,6
803303,15,12,3
801502,15,8,7
797002,15,10,5
795144,15,14,1
792055,15,11,4
788814,15,15,0
788808,15,12,3
785007,15,11,4
781353,15,10,5
781171,15,5,10
744302,15,14,1
744301,15,15,0
695563,15,12,3
695303,15,11,4
695009,15,7,8
691305,15,9,6
690101,15,9,6
689711,15,13,2
689582,15,9,6
689573,15,13,2
689503,15,14,1
686574,15,13,2
686506,15,11,4
686141,15,10,5
685604,15,12,3
685581,15,12,3
685501,15,11,4
683556,15,9,6
682307,15,8,7
682305,15,8,7
680501,15,7,8
680001,15,13,2
679331,15,10,5
679121,15,12,3
678633,15,12,3
676106,15,12,3
673509,15,12,3
673504,15,10,5
673308,15,13,2
673305,15,6,9
670705,15,13,2
670641,15,15,0
670561,15,9,6
583233,15,12,3
581212,15,10,5
581211,15,13,2
581121,15,13,2
576221,15,14,1
575022,15,8,7
575004,15,7,8
574279,15,12,3
574224,15,13,2
574197,15,14,1
572168,15,12,3
571475,15,13,2
562163,15,13,2
560093,15,6,9
560052,15,5,10
497451,15,5,10
497112,15,15,0
497110,15,14,1
494002,15,14,1
487558,15,13,2
486450,15,14,1
480552,15,15,0
476554,15,10,5
473785,15,15,0
464991,15,12,3
462004,15,3,12
462002,15,6,9
458470,15,9,6
455111,15,9,6
454667,15,14,1
452004,15,9,6
451341,15,15,0
431009,15,4,11
425442,15,14,1
424107,15,13,2
422105,15,10,5
422008,15,12,3
421603,15,13,2
416813,15,15,0
416805,15,15,0
416804,15,12,3
416523,15,15,0
415526,15,13,2
415404,15,13,2
413316,15,13,2
413133,15,10,5
413118,15,12,3
410510,15,15,0
403103,15,15,0
400707,15,8,7
400103,15,4,11
400099,15,7,8
396030,15,14,1
394330,15,14,1
388460,15,13,2
388340,15,10,5
384430,15,15,0
384345,15,13,2
384310,15,15,0
384110,15,13,2
382640,15,13,2
380063,15,3,12
364485,15,12,3
363425,15,15,0
360470,15,11,4
360452,15,15,0
335525,15,9,6
307031,15,14,1
306704,15,12,3
305816,15,9,6
305002,15,5,10
303802,15,13,2
302042,15,8,7
276134,15,4,11
273012,15,6,9
273006,15,7,8
272156,15,13,2
271211,15,12,3
263406,15,15,0
263128,15,15,0
262123,15,12,3
247771,15,9,6
246729,15,10,5
246278,15,13,2
246170,15,15,0
227404,15,3,12
224251,15,12,3
224235,15,4,11
221709,15,14,1
194104,14,8,6
190019,15,9,6
180013,15,6,9
177301,15,12,3
176128,15,12,3
175138,15,13,2
175136,15,12,3
175133,15,15,0
174401,15,13,2
174316,15,11,4
173225,15,13,2
172116,15,14,1
172031,15,12,3
132122,15,10,5
132105,15,11,4
131409,15,12,3
131022,15,14,1
125058,15,12,3
124404,15,12,3
122051,15,8,7
121007,15,3,12
846006,14,12,2
845479,14,14,0
844139,14,12,2
841433,14,10,4
841316,14,12,2
841242,14,13,1
831019,14,8,6
831015,14,5,9
828115,14,13,1
821316,14,10,4
805301,14,4,10
804435,14,14,0
800010,14,8,6
799153,14,14,0
799002,14,14,0
797102,14,11,3
793104,14,8,6
788721,14,7,7
788015,14,10,4
788010,14,11,3
781037,14,5,9
770036,14,14,0
744101,14,8,6
695526,14,12,2
695521,14,8,6
695103,14,8,6
695027,14,7,7
695003,14,3,11
691312,14,12,2
690558,14,7,7
690515,14,10,4
689532,14,10,4
688525,14,10,4
688524,14,11,3
686586,14,13,1
686580,14,11,3
686538,14,10,4
686101,14,12,2
685532,14,13,1
685531,14,9,5
683581,14,9,5
683546,14,11,3
682017,14,4,10
680732,14,8,6
680721,14,11,3
680684,14,11,3
680671,14,9,5
679534,14,11,3
679501,14,12,2
678684,14,10,4
678510,14,10,4
676562,14,8,6
676509,14,13,1
676508,14,13,1
676320,14,8,6
676121,14,12,2
673603,14,12,2
673580,14,12,2
673528,14,13,1
673304,14,8,6
673103,14,12,2
673102,14,13,1
673005,14,8,6
670674,14,12,2
670663,14,13,1
605014,14,10,4
591315,14,10,4
591246,14,9,5
581342,14,12,2
581195,14,13,1
580006,14,9,5
577121,14,13,1
576232,14,13,1
576216,14,9,5
576113,14,13,1
573021,14,5,9
571811,14,12,2
570012,14,6,8
560104,14,2,12
560009,14,10,4
497773,14,9,5
497559,14,9,5
497446,14,8,6
491996,14,11,3
486003,14,8,6
481554,14,12,2
481002,14,12,2
475112,14,7,7
470777,14,13,1
464573,14,6,8
462024,14,4,10
456551,14,8,6
454648,14,12,2
431119,14,13,1
425135,14,11,3
416628,14,14,0
416620,14,14,0
416304,14,11,3
416231,14,14,0
416110,14,12,2
416004,14,7,7
415720,14,12,2
415602,14,14,0
415530,14,13,1
415518,14,12,2
415115,14,13,1
415023,14,14,0
413737,14,12,2
413582,14,13,1
413007,14,13,1
411020,14,12,2
410222,14,10,4
403524,14,14,0
394246,14,13,1
394245,14,14,0
391101,14,8,6
390014,14,8,6
389321,14,14,0
388370,14,13,1
388306,14,11,3
387520,14,14,0
387510,14,13,1
387340,14,14,0
384435,14,11,3
384360,14,14,0
382650,14,11,3
365456,14,13,1
361540,14,11,3
342009,14,0,14
323615,14,5,9
301714,14,9,5
281402,14,9,5
275208,14,6,8
271129,14,10,4
261145,14,3,11
248121,14,6,8
246748,14,9,5
232338,14,8,6
229130,14,12,2
229004,14,10,4
227301,14,6,8
226033,14,0,14
226024,14,2,12
225411,14,12,2
208901,14,8,6
208092,14,3,11
208015,14,2,12
202520,14,11,3
201455,14,3,11
192402,14,13,1
190020,14,9,5
185133,14,12,2
184147,14,12,2
184103,14,13,1
177201,14,12,2
177031,14,14,0
176203,14,11,3
176094,14,11,3
176048,14,9,5
175019,14,8,6
174503,14,14,0
171004,14,12,2
134107,14,10,4
132052,14,6,8
124520,14,9,5
844103,13,7,6
843146,13,6,7
843132,13,9,4
841315,13,13,0
835104,13,6,7
831007,13,7,6
828309,13,8,5
828127,13,5,8
828105,13,6,7
813119,13,13,0
803307,13,13,0
801507,13,13,0
796581,13,10,3
795124,13,11,2
795121,13,11,2
795007,13,12,1
790116,13,10,3
788820,13,10,3
781036,13,7,6
695605,13,10,3
695574,13,9,4
695564,13,9,4
695504,13,7,6
695311,13,10,3
695306,13,8,5
695301,13,6,7
695124,13,10,3
695104,13,8,5
695101,13,8,5
695028,13,7,6
695014,13,7,6
691574,13,9,4
691534,13,11,2
691506,13,10,3
691331,13,9,4
691301,13,8,5
691011,13,6,7
690519,13,10,3
689648,13,9,4
689622,13,9,4
689572,13,11,2
689544,13,10,3
688506,13,11,2
688501,13,10,3
686669,13,11,2
686667,13,10,3
686665,13,11,2
686661,13,8,5
686608,13,11,2
686578,13,11,2
686575,13,6,7
686008,13,10,3
685552,13,10,3
685551,13,10,3
683578,13,6,7
683576,13,8,5
683562,13,8,5
683501,13,5,8
682508,13,9,4
682316,13,9,4
682311,13,10,3
682008,13,9,4
680652,13,7,6
680569,13,11,2
680301,13,11,2
680014,13,9,4
679336,13,11,2
679330,13,10,3
679102,13,9,4
678543,13,10,3
678541,13,8,5
678101,13,7,6
676561,13,10,3
676553,13,11,2
676510,13,8,5
676506,13,11,2
676319,13,7,6
673636,13,9,4
673517,13,12,1
673505,13,10,3
673501,13,9,4
673306,13,11,2
671312,13,8,5
670675,13,11,2
670661,13,12,1
670331,13,9,4
670005,13,7,6
609601,13,7,6
605003,13,7,6
591219,13,11,2
585292,13,8,5
585219,13,11,2
583152,13,13,0
582111,13,12,1
580009,13,8,5
580005,13,10,3
577448,13,10,3
576226,13,11,2
576224,13,13,0
574220,13,11,2
574117,13,9,4
574110,13,12,1
574108,13,13,0
574105,13,10,3
573127,13,13,0
571607,13,9,4
571477,13,8,5
571450,13,13,0
571215,13,10,3
571211,13,10,3
560113,13,1,12
560088,13,5,8
560055,13,6,7
495453,13,12,1
495002,13,9,4
492004,13,10,3
486112,13,10,3
485336,13,7,6
482011,13,8,5
480311,13,12,1
480113,13,10,3
477105,13,10,3
476134,13,12,1
473588,13,11,2
471005,13,12,1
465684,13,7,6
465222,13,11,2
445319,13,10,3
431154,13,10,3
425524,13,13,0
425506,13,11,2
425505,13,12,1
425501,13,12,1
425448,13,10,3
422608,13,10,3
422302,13,12,1
416524,13,13,0
416105,13,11,2
416006,13,12,1
415629,13,13,0
415615,13,13,0
415402,13,13,0
415313,13,10,3
415310,13,13,0
415116,13,12,1
415104,13,13,0
415019,13,13,0
414609,13,12,1
412804,13,11,2
411024,13,6,7
410220,13,13,0
403728,13,13,0
402404,13,12,1
400062,13,12,1
394140,13,10,3
394101,13,3,10
390025,13,3,10
388305,13,12,1
387366,13,13,0
387345,13,11,2
387305,13,13,0
384230,13,13,0
384229,13,10,3
382423,13,9,4
382250,13,13,0
382213,13,7,6
370660,13,13,0
370640,13,13,0
365635,13,13,0
364003,13,6,7
363435,13,10,3
362640,13,12,1
362570,13,11,2
334005,13,7,6
332307,13,9,4
302023,13,1,12
272196,13,10,3
272141,13,12,1
271885,13,6,7
263149,13,5,8
262124,13,6,7
252621,13,8,5
231311,13,3,10
227817,13,4,9
223107,13,8,5
222003,13,6,7
221220,13,5,8
221113,13,7,6
208044,13,2,11
204455,13,5,8
202146,13,7,6
202143,13,11,2
201427,13,6,7
190014,13,8,5
181121,13,5,8
177601,13,10,3
177105,13,11,2
177039,13,12,1
177007,13,11,2
176108,13,12,1
176044,13,10,3
172108,13,10,3
125107,13,10,3
854305,12,7,5
854109,12,1,11
851118,12,9,3
844131,12,11,1
841225,12,11,1
833212,12,12,0
829108,12,6,6
828308,12,9,3
828112,12,6,6
827006,12,2,10
824126,12,12,0
801117,12,12,0
798632,12,12,0
795006,12,6,6
791003,12,10,2
786148,12,8,4
785665,12,9,3
781027,12,7,5
781023,12,6,6
781018,12,7,5
781014,12,7,5
744107,12,8,4
695615,12,9,3
695612,12,8,4
695606,12,10,2
695525,12,9,3
695512,12,6,6
695503,12,7,5
695006,12,4,8
695002,12,7,5
691579,12,6,6
691560,12,10,2
691559,12,10,2
691551,12,9,3
691520,12,11,1
691509,12,9,3
690524,12,8,4
690106,12,10,2
689693,12,9,3
689673,12,10,2
689646,12,9,3
689621,12,9,3
689595,12,10,2
689509,12,11,1
689123,12,9,3
688538,12,6,6
688011,12,9,3
686663,12,10,2
686613,12,10,2
686604,12,11,1
686564,12,12,0
686512,12,9,3
686004,12,9,3
685514,12,10,2
683594,12,8,4
682314,12,8,4
682024,12,8,4
680741,12,11,1
680724,12,9,3
680688,12,9,3
680686,12,9,3
680681,12,10,2
680584,12,9,3
680583,12,5,7
680561,12,9,3
680303,12,7,5
680005,12,8,4
679582,12,7,5
679535,12,11,1
679533,12,9,3
679337,12,11,1
679308,12,9,3
678702,12,8,4
678555,12,9,3
678004,12,8,4
673581,12,10,2
673317,12,11,1
673314,12,9,3
673007,12,7,5
673002,12,8,4
673001,12,9,3
671319,12,8,4
670604,12,11,1
670521,12,12,0
670308,12,7,5
670143,12,10,2
670011,12,10,2
587156,12,8,4
583239,12,7,5
582206,12,10,2
582202,12,12,0
581328,12,11,1
577447,12,12,0
576231,12,10,2
576115,12,7,5
574285,12,8,4
574233,12,12,0
574119,12,8,4
574111,12,10,2
570031,12,7,5
570020,12,6,6
570002,12,7,5
560059,12,5,7
560028,12,4,8
495455,12,10,2
494453,12,10,2
486890,12,5,7
486343,12,7,5
484601,12,12,0
475956,12,12,0
474111,12,9,3
473648,12,11,1
473015,12,8,4
470674,12,9,3
465107,12,8,4
464996,12,8,4
462040,12,0,12
462037,12,4,8
461122,11,11,0
458468,12,9,3
452017,12,2,10
451229,12,11,1
444910,12,11,1
441919,12,11,1
441123,12,4,8
440033,12,8,4
440006,12,5,7
431142,12,11,1
425112,12,11,1
421308,12,8,4
416806,12,9,3
416534,12,11,1
416526,12,12,0
416525,12,11,1
416108,12,11,1
415614,12,12,0
415504,12,12,0
415406,12,9,3
415107,12,12,0
413250,12,12,0
413115,12,9,3
412220,12,9,3
411026,12,4,8
403114,12,12,0
403108,12,10,2
403002,12,8,4
396460,12,10,2
396350,12,11,1
396135,12,10,2
396130,12,10,2
396120,12,10,2
396007,12,12,0
394241,12,0,12
394190,12,4,8
392240,12,7,5
391421,12,10,2
387550,12,12,0
387325,12,7,5
382825,12,7,5
382820,12,11,1
370430,12,8,4
370427,12,8,4
364521,12,12,0
362235,12,9,3
360545,12,10,2
345034,12,10,2
332736,12,7,5
312621,12,12,0
301023,12,7,5
301002,12,4,8
284305,12,6,6
277219,12,12,0
274808,12,9,3
271407,12,11,1
252623,12,9,3
248160,12,6,6
246483,12,11,1
243004,12,3,9
232330,12,8,4
228135,12,12,0
212623,12,7,5
206132,12,5,7
205266,12,6,6
203149,12,2,10
190021,12,5,7
190004,12,6,6
182210,12,10,2
177045,12,10,2
177022,12,9,3
176091,12,9,3
176085,12,10,2
174319,12,10,2
174012,12,9,3
173214,12,8,4
172028,12,11,1
171223,12,11,1
171218,12,12,0
160102,12,5,7
124506,12,9,3
123654,12,10,2
122018,12,3,9
113213,12,4,8
851220,11,11,0
851219,11,10,1
832113,11,8,3
828119,11,5,6
828110,11,5,6
827001,11,5,6
824119,11,9,2
822117,11,10,1
821123,11,11,0
814116,11,10,1
813121,11,10,1
800024,11,4,7
788803,11,7,4
784118,11,10,1
782462,11,9,2
781032,11,10,1
695614,11,7,4
695604,11,9,2
695581,11,3,8
695575,11,7,4
691578,11,7,4
691573,11,6,5
691571,11,6,5
691555,11,8,3
691553,11,9,2
691552,11,8,3
691522,11,10,1
691307,11,7,4
691005,11,5,6
690518,11,8,3
690512,11,5,6
690508,11,9,2
690107,11,9,2
690105,11,10,1
690103,11,9,2
689581,11,7,4
688526,11,8,3
688505,11,8,3
688006,11,5,6
688005,11,8,3
686636,11,8,3
686634,11,8,3
686611,11,10,1
686543,11,9,2
686536,11,8,3
686535,11,9,2
686508,11,8,3
686507,11,6,5
686010,11,6,5
685618,11,10,1
685615,11,10,1
685609,11,9,2
685605,11,9,2
685590,11,9,2
682506,11,8,3
682505,11,7,4
682007,11,9,2
680512,11,5,6
680311,11,9,2
679531,11,8,3
679522,11,9,2
679514,11,11,0
679502,11,9,2
678642,11,8,3
678595,11,8,3
676108,11,8,3
673596,11,8,3
673593,11,7,4
673529,11,10,1
673011,11,8,3
670676,11,9,2
670003,11,9,2
605105,11,4,7
591346,11,10,1
590017,11,8,3
587322,11,9,2
583225,11,8,3
581335,11,10,1
581306,11,9,2
577137,11,10,1
577122,11,10,1
576235,11,11,0
576225,11,10,1
576217,11,7,4
576121,11,8,3
576111,11,7,4
575015,11,5,6
575013,11,7,4
574260,11,8,3
574238,11,10,1
574226,11,7,4
560114,11,3,8
560109,11,3,8
560095,11,1,10
486777,11,6,5
482020,11,4,7
481333,11,9,2
480553,11,8,3
480339,11,11,0
480225,11,11,0
480101,11,10,1
473233,11,9,2
470003,11,4,7
465229,11,8,3
460226,11,9,2
458771,11,9,2
458660,11,6,5
458224,11,7,4
452013,11,0,11
451550,11,8,3
450052,11,11,0
444810,11,7,4
444710,11,10,1
444117,11,8,3
442313,11,10,1
440037,11,2,9
426111,11,11,0
425326,11,7,4
425102,11,9,2
423604,11,10,1
423202,11,10,1
422301,11,7,4
421506,11,8,3
416528,11,11,0
416515,11,10,1
416513,11,11,0
416316,11,8,3
416111,11,10,1
415806,11,10,1
415601,11,11,0
414605,11,10,1
413802,11,10,1
413116,11,9,2
412405,11,10,1
411034,11,7,4
411012,11,6,5
403726,11,8,3
403710,11,10,1
403517,11,11,0
402402,11,9,2
396469,11,10,1
396463,11,8,3
394602,11,7,4
394530,11,9,2
394520,11,7,4
394345,11,7,4
394320,11,9,2
391111,11,9,2
388610,11,11,0
388465,11,10,1
388326,11,8,3
388310,11,8,3
387230,11,8,3
384160,11,10,1
382620,11,6,5
380025,11,8,3
380014,11,2,9
365455,11,9,2
362571,11,11,0
362037,11,3,8
361240,11,10,1
360375,11,6,5
311013,11,10,1
307032,11,10,1
302032,11,2,9
276733,11,11,0
271318,11,3,8
252525,11,9,2
252325,11,4,7
250620,11,8,3
249127,11,8,3
248144,11,4,7
248124,11,11,0
248006,11,2,9
246765,11,8,3
244104,11,8,3
230305,11,5,6
229210,11,8,3
225406,11,10,1
222260,11,0,11
222113,11,7,4
212504,11,8,3
209862,11,7,4
208009,11,5,6
202415,11,7,4
201205,11,5,6
201006,11,3,8
192404,11,10,1
182200,11,9,2
180008,11,5,6
177119,11,8,3
177027,11,8,3
176097,11,8,3
175042,11,9,2
174405,11,8,3
171219,11,9,2
160022,11,6,5
134011,11,8,3
101801,11,0,11
855106,10,10,0
854344,10,10,0
848116,10,10,0
847425,10,1,9
843165,10,10,0
829125,10,4,6
828128,10,5,5
824218,10,10,0
814162,10,7,3
803203,10,8,2
802315,10,10,0
799150,10,8,2
799015,10,9,1
799005,10,8,2
796421,10,6,4
796082,10,7,3
793111,10,5,5
792111,10,9,1
788004,10,8,2
786192,10,7,3
786179,10,8,2
785617,10,7,3
785011,10,9,1
781033,10,5,5
756701,10,10,0
744210,10,10,0
744209,10,10,0
737117,10,8,2
733207,10,10,0
695603,10,8,2
695602,10,8,2
695561,10,7,3
695507,10,7,3
695310,10,8,2
695026,10,3,7
695015,10,6,4
695011,10,5,5
695010,10,5,5
691572,10,6,4
691538,10,8,2
691003,10,6,4
690574,10,7,3
690516,10,7,3
690507,10,7,3
690505,10,9,1
689694,10,6,4
689653,10,8,2
689625,10,9,1
689548,10,10,0
689505,10,7,3
688537,10,7,3
688530,10,8,2
686635,10,8,2
686612,10,8,2
686582,10,9,1
686544,10,9,1
686542,10,9,1
686540,10,8,2
686533,10,7,3
686511,10,9,1
686103,10,6,4
685595,10,9,1
685585,10,7,3
685583,10,8,2
685505,10,7,3
683579,10,8,2
683577,10,7,3
683545,10,8,2
683542,10,6,4
683517,10,9,1
682504,10,9,1
682005,10,6,4
680651,10,4,6
680562,10,8,2
680552,10,9,1
680541,10,9,1
680519,10,6,4
680517,10,7,3
680020,10,7,3
679591,10,7,3
679585,10,6,4
679575,10,8,2
679323,10,9,1
679313,10,6,4
679309,10,8,2
679305,10,8,2
678612,10,6,4
678591,10,6,4
678572,10,8,2
678557,10,6,4
678503,10,6,4
678501,10,7,3
678007,10,5,5
678006,10,5,5
676542,10,5,5
676317,10,7,3
673655,10,7,3
673595,10,8,2
673301,10,8,2
673101,10,6,4
673028,10,5,5
673015,10,6,4
670632,10,8,2
670591,10,9,1
670562,10,9,1
670103,10,7,3
581303,10,8,2
577128,10,6,4
576282,10,8,2
576103,10,5,5
575011,10,6,4
574324,10,9,1
574109,10,8,2
563117,10,5,5
563115,10,4,6
560111,10,3,7
560108,10,5,5
560106,10,2,8
560012,10,5,5
497557,10,5,5
497555,10,3,7
493887,10,8,2
486551,10,10,0
486006,10,7,3
480443,10,7,3
480116,10,7,3
474041,10,9,1
466119,10,7,3
465698,10,7,3
464112,10,9,1
461110,10,10,0
457991,10,10,0
454749,10,7,3
454510,10,1,9
451664,10,10,0
451439,10,9,1
450334,10,9,1
450118,10,9,1
443105,10,9,1
442110,10,10,0
431731,10,8,2
431520,10,8,2
431146,10,10,0
425411,10,9,1
425307,10,9,1
424208,10,10,0
416406,10,9,1
416315,10,10,0
416236,10,8,2
416120,10,10,0
415807,10,10,0
415717,10,9,1
415517,10,9,1
415213,10,10,0
413225,10,10,0
412312,10,8,2
410511,10,8,2
403527,10,9,1
403006,10,9,1
402114,10,10,0
401703,10,9,1
401701,10,8,2
401407,10,7,3
401304,10,7,3
401302,10,8,2
400036,10,3,7
400026,10,5,5
400025,10,7,3
396424,10,3,7
396415,10,7,3
396406,10,10,0
396140,10,9,1
394641,10,10,0
394507,10,4,6
394360,10,10,0
394221,10,2,8
394170,10,7,3
394155,10,6,4
392230,10,9,1
392030,10,8,2
389348,10,10,0
388215,10,9,1
385002,10,9,1
383327,10,10,0
382860,10,9,1
382711,10,6,4
365565,10,9,1
364210,10,10,0
363423,10,10,0
363110,10,10,0
362315,10,7,3
361011,10,10,0
334002,10,3,7
333701,10,6,4
332305,10,8,2
323213,10,1,9
313025,10,7,3
284410,10,9,1
277308,10,3,7
276726,10,10,0
276111,10,7,3
273215,10,6,4
272412,10,10,0
272158,10,6,4
271404,10,7,3
266602,10,9,1
263685,10,9,1
263145,10,6,4
262550,10,9,1
252124,10,5,5
250003,10,8,2
248115,10,6,4
246738,10,9,1
245401,10,6,4
244902,10,10,0
244504,10,4,6
243509,10,4,6
229010,10,6,4
228118,10,5,5
226817,10,8,2
226035,10,0,10
226014,10,3,7
226013,10,5,5
224241,10,2,8
224133,10,4,6
222102,10,2,8
212312,10,4,6
211009,10,5,5
209802,10,10,0
203256,10,6,4
202523,10,7,3
201313,10,6,4
201203,10,3,7
185213,10,7,3
184146,10,9,1
182102,10,8,2
177219,10,9,1
177202,10,9,1
177117,10,7,3
177025,10,10,0
177006,10,9,1
176502,10,9,1
176218,10,8,2
175143,10,8,2
175051,10,9,1
175007,10,8,2
173026,10,8,2
134004,10,5,5
131025,10,5,5
122052,10,5,5
847429,9,8,1
844134,9,9,0
843156,9,9,0
842005,9,4,5
833222,9,8,1
833217,9,5,4
832109,9,7,2
827004,9,6,3
813227,9,9,0
813225,9,6,3
805111,9,7,2
803205,9,9,0
802224,9,9,0
800025,9,3,6
800018,9,3,6
799159,9,9,0
797116,9,4,5
796015,9,5,4
795151,9,5,4
791109,9,3,6
788812,9,4,5
788706,9,5,4
788014,9,9,0
786186,9,9,0
786146,9,8,1
785698,9,8,1
785111,9,7,2
784104,9,7,2
784026,9,9,0
781130,9,8,1
744102,9,8,1
737112,9,7,2
733201,9,9,0
695610,9,8,1
695609,9,6,3
695586,9,5,4
695582,9,3,6
695123,9,7,2
695017,9,5,4
695012,9,5,4
695005,9,8,1
691589,9,3,6
691525,9,8,1
691512,9,6,3
691511,9,5,4
691510,9,5,4
691309,9,7,2
690572,9,5,4
690561,9,8,1
690548,9,8,1
690547,9,7,2
690526,9,6,3
690501,9,7,2
690110,9,4,5
689699,9,4,5
689692,9,6,3
689674,9,8,1
689663,9,7,2
689641,9,6,3
689589,9,6,3
689588,9,8,1
689586,9,6,3
689585,9,8,1
689542,9,7,2
689121,9,7,2
688541,9,7,2
688540,9,7,2
688539,9,7,2
688531,9,8,1
688529,9,7,2
688527,9,7,2
688504,9,7,2
686652,9,8,1
686603,9,9,0
686534,9,7,2
686520,9,9,0
686121,9,5,4
686105,9,6,3
686003,9,6,3
685607,9,7,2
685589,9,8,1
685582,9,7,2
685511,9,7,2
685509,9,5,4
683561,9,5,4
683514,9,9,0
682313,9,8,1
682030,9,4,5
682027,9,7,2
680733,9,7,2
680687,9,7,2
680685,9,8,1
680682,9,9,0
680668,9,9,0
680666,9,7,2
680614,9,7,2
680601,9,6,3
680590,9,6,3
680312,9,7,2
679584,9,7,2
679578,9,5,4
679536,9,8,1
679532,9,6,3
679511,9,8,1
679307,9,8,1
678721,9,6,3
678701,9,7,2
678651,9,7,2
678641,9,7,2
678593,9,6,3
678592,9,8,1
678571,9,8,1
678534,9,6,3
678507,9,8,1
678504,9,9,0
676311,9,7,2
676103,9,8,1
673576,9,8,1
673502,9,8,1
673309,9,7,2
673004,9,8,1
671311,9,6,3
670305,9,6,3
670105,9,9,0
670010,9,6,3
609605,9,6,3
605006,9,4,5
586169,9,7,2
584112,9,6,3
581345,9,9,0
577450,9,9,0
576104,9,6,3
575019,9,5,4
571254,9,8,1
571250,9,8,1
571217,9,7,2
570006,8,2,6
563157,9,8,1
560110,9,5,4
492003,9,3,6
491341,9,7,2
490009,9,2,7
487761,9,9,0
485334,9,7,2
484120,9,5,4
483504,9,2,7
481340,9,6,3
481118,9,8,1
480664,9,9,0
476334,9,7,2
475693,9,9,0
473638,9,8,1
472344,9,9,0
466602,9,9,0
466441,9,6,3
460111,9,8,1
455480,9,9,0
450026,9,4,5
444721,9,9,0
442207,9,9,0
442115,9,8,1
425308,8,8,0
416626,9,9,0
416623,9,9,0
416423,9,7,2
416422,9,5,4
416011,9,5,4
415805,9,8,1
415705,9,9,0
415122,9,8,1
413712,9,7,2
411008,9,6,3
403804,9,6,3
403402,9,6,3
400710,9,7,2
396110,9,9,0
396067,9,9,0
394421,9,9,0
391350,9,7,2
391151,9,9,0
390005,9,4,5
388421,9,6,3
388355,9,6,3
387220,9,8,1
384260,9,9,0
382780,9,9,0
382755,9,9,0
364470,9,7,2
364006,9,8,1
363622,9,9,0
361350,9,4,5
361009,9,6,3
360421,9,6,3
360380,9,6,3
360320,9,7,2
344025,9,7,2
321323,9,0,9
312618,9,7,2
312004,9,4,5
302037,9,7,2
301418,9,3,6
301416,9,8,1
284129,9,7,2
284127,9,1,8
283241,9,0,9
276105,9,9,0
274208,9,7,2
271804,9,4,5
271605,9,8,1
271271,9,9,0
271214,9,2,7
270004,9,1,8
263686,9,9,0
254563,9,0,9
249410,9,2,7
248202,9,6,3
246737,9,7,2
246448,9,9,0
246143,9,8,1
246113,9,9,0
245308,9,7,2
233235,9,1,8
233005,9,2,7
230406,9,2,7
229881,9,6,3
226027,9,2,7
224408,9,3,6
224216,9,5,4
222609,9,0,9
221205,9,5,4
220506,9,6,3
212662,9,7,2
212123,9,1,8
208026,9,2,7
204105,9,5,4
203391,9,6,3
201101,9,4,5
193405,9,6,3
192214,9,7,2
191102,9,5,4
190016,9,5,4
182123,9,8,1
181112,9,6,3
180009,9,3,6
176109,9,6,3
176073,9,8,1
176065,9,7,2
176055,9,8,1
175037,9,6,3
174505,9,7,2
174309,9,7,2
172103,9,7,2
160020,9,5,4
133006,9,5,4
132140,9,4,5
124519,9,6,3
124517,9,4,5
123505,9,7,2
121008,9,1,8
854321,8,8,0
851116,8,7,1
847202,8,7,1
828126,8,4,4
825420,8,6,2
802305,8,8,0
801118,8,8,0
799206,8,8,0
788109,8,8,0
786622,8,7,1
785109,8,7,1
785005,8,4,4
783362,8,6,2
695608,8,7,1
695568,8,7,1
695308,8,6,2
695305,8,5,3
695145,8,5,3
695126,8,5,3
695024,8,6,2
695023,8,7,1
695021,8,6,2
695001,8,5,3
691584,8,6,2
691556,8,7,1
691521,8,7,1
691516,8,6,2
691504,8,4,4
691322,8,5,3
691014,8,4,4
691010,8,2,6
690536,8,6,2
690531,8,5,3
690513,8,4,4
690506,8,7,1
689678,8,7,1
689675,8,5,3
689545,8,7,1
689541,8,7,1
689533,8,5,3
689504,8,6,2
689124,8,6,2
689103,8,3,5
689102,8,7,1
688521,8,5,3
686672,8,8,0
686632,8,6,2
686610,8,6,2
686581,8,7,1
686579,8,6,2
686562,8,6,2
686539,8,8,0
686504,8,4,4
686501,8,6,2
686104,8,2,6
686016,8,6,2
686014,8,6,2
686007,8,5,3
685563,8,7,1
683580,8,5,3
683575,8,5,3
683565,8,5,3
683547,8,4,4
683522,8,7,1
683518,8,5,3
683512,8,5,3
682551,8,8,0
682509,8,6,2
682507,8,7,1
682315,8,6,2
682019,8,6,2
682018,8,6,2
680751,8,7,1
680731,8,6,2
680702,8,7,1
680699,8,5,3
680662,8,7,1
680623,8,8,0
680581,8,6,2
680566,8,7,1
680551,8,6,2
680511,8,4,4
680125,8,4,4
680101,8,6,2
680012,8,4,4
679586,8,8,0
679581,8,6,2
679574,8,6,2
679572,8,7,1
679562,8,7,1
679554,8,6,2
679304,8,5,3
679301,8,6,2
678706,8,5,3
678687,8,7,1
678682,8,5,3
678681,8,5,3
678574,8,5,3
678553,8,5,3
678551,8,5,3
678544,8,5,3
678502,8,5,3
676505,8,5,3
676312,8,6,2
676109,8,6,2
676107,8,4,4
673527,8,6,2
673328,8,5,3
673027,8,3,5
673017,8,3,5
673016,8,5,3
671351,8,5,3
670662,8,6,2
670651,8,7,1
670502,8,7,1
670353,8,6,2
670334,8,8,0
670325,8,5,3
670309,8,7,1
670107,8,7,1
670106,8,4,4
670002,8,6,2
605111,8,5,3
591116,8,4,4
587104,8,7,1
585429,8,6,2
585423,8,7,1
583118,8,7,1
581307,8,7,1
577435,8,7,1
577125,8,7,1
576247,8,6,2
576120,8,5,3
576114,8,5,3
574145,8,6,2
574103,8,5,3
572143,8,8,0
571248,8,8,0
571219,8,7,1
570014,8,3,5
570005,8,4,4
560081,8,4,4
560069,8,6,2
560063,8,2,6
497125,8,7,1
486884,8,3,5
486675,8,6,2
486113,8,2,6
483375,8,0,8
480121,8,6,2
480103,8,7,1
473873,8,7,1
470114,8,8,0
466109,8,6,2
458485,8,6,2
457335,8,8,0
452014,8,1,7
450773,8,7,1
450346,8,8,0
450333,8,7,1
450119,8,5,3
444307,8,6,2
442919,8,8,0
425434,8,6,2
425126,8,5,3
421311,8,8,0
416709,8,7,1
416615,8,7,1
416420,8,7,1
416319,8,8,0
416217,8,6,2
415536,8,8,0
412112,8,7,1
412001,8,3,5
411035,8,3,5
403722,8,7,1
403508,8,8,0
403110,8,8,0
400029,8,5,3
396418,8,6,2
396370,8,5,3
396165,8,6,2
394517,8,3,5
394111,8,2,6
388543,8,7,1
388410,8,8,0
388330,8,6,2
387382,8,8,0
384440,8,4,4
382042,8,2,6
382021,8,4,4
370429,8,6,2
370425,8,8,0
370210,8,4,4
365645,8,7,1
360560,8,7,1
342029,8,6,2
335771,8,6,2
321211,8,2,6
313337,8,8,0
313213,8,1,7
305021,8,5,3
305012,8,4,4
305007,8,4,4
284128,8,6,2
281003,8,6,2
277212,8,7,1
271315,8,5,3
263684,8,5,3
262829,8,8,0
262574,8,7,1
262408,8,4,4
251003,8,5,3
249406,8,3,5
248122,8,6,2
243403,8,7,1
241533,8,0,8
233004,8,2,6
232323,8,6,2
232311,8,2,6
230504,8,6,2
230145,8,6,2
229409,8,5,3
226254,8,0,8
226045,8,2,6
226015,8,0,8
225123,8,5,3
224142,8,4,4
222172,8,4,4
222120,8,3,5
221721,8,8,0
221312,8,6,2
220061,8,6,2
211005,8,3,5
209856,8,8,0
209624,8,3,5
209207,8,5,3
202525,8,1,7
201466,8,8,0
201007,8,1,7
181222,8,7,1
181113,8,6,2
181103,8,7,1
176066,8,6,2
175045,8,5,3
133021,8,6,2
127045,8,4,4
125007,8,3,5
124513,8,5,3
122050,8,1,7
851206,7,7,0
848237,7,6,1
848135,7,7,0
847221,7,5,2
843153,7,7,0
843141,7,7,0
831016,7,2,5
829137,7,7,0
829135,7,4,3
828131,7,6,1
828120,7,5,2
828102,7,5,2
827011,7,3,4
826005,7,1,6
816124,7,7,0
814667,7,7,0
813321,7,6,1
813129,7,6,1
805133,7,6,1
802136,7,3,4
801115,7,7,0
800013,7,2,5
799012,7,4,3
798623,7,5,2
797126,7,6,1
795015,7,7,0
793123,7,6,1
789702,7,7,0
787029,7,6,1
786002,7,5,2
785695,7,7,0
785014,7,6,1
744304,7,7,0
737137,7,4,3
695508,7,4,3
695146,7,4,3
695043,7,4,3
695036,7,7,0
695033,7,3,4
695004,7,5,2
691557,7,6,1
691541,7,5,2
691540,7,6,1
691535,7,6,1
691530,7,6,1
691303,7,6,1
691015,7,4,3
690559,7,4,3
690538,7,7,0
690537,7,5,2
690535,7,5,2
690527,7,6,1
690510,7,6,1
690102,7,7,0
689649,7,5,2
689626,7,6,1
689612,7,7,0
689551,7,6,1
689547,7,5,2
689511,7,5,2
689508,7,5,2
689502,7,5,2
689115,7,4,3
689106,7,5,2
688582,7,6,1
688562,7,6,1
688534,7,4,3
688532,7,4,3
688528,7,5,2
688522,7,5,2
686607,7,7,0
686606,7,6,1
686602,7,6,1
686572,7,5,2
686547,7,4,3
686546,7,4,3
686532,7,6,1
686519,7,6,1
686518,7,6,1
686006,7,4,3
685587,7,5,2
685584,7,3,4
685571,7,5,2
685562,7,7,0
685535,7,5,2
685507,7,6,1
683102,7,3,4
682023,7,4,3
682011,7,6,1
680734,7,6,1
680711,7,7,0
680697,7,6,1
680667,7,6,1
680641,7,6,1
680620,7,5,2
680615,7,6,1
680613,7,7,0
680602,7,7,0
680588,7,5,2
680563,7,6,1
680542,7,7,0
680516,7,5,2
680509,7,4,3
680505,7,7,0
680317,7,5,2
680309,7,6,1
680027,7,6,1
680013,7,5,2
680006,7,3,4
680003,7,5,2
679580,7,6,1
679564,7,5,2
679561,7,6,1
679512,7,5,2
679504,7,5,2
679302,7,5,2
679103,7,6,1
678613,7,5,2
678597,7,6,1
678102,7,4,3
678014,7,4,3
678009,7,5,2
676502,7,5,2
676309,7,5,2
676105,7,6,1
673316,7,5,2
673312,7,5,2
673032,7,5,2
673021,7,5,2
673014,7,3,4
673010,7,6,1
671348,7,6,1
670649,7,6,1
670504,7,5,2
670501,7,6,1
670327,7,4,3
670018,7,6,1
670014,7,4,3
670004,7,4,3
586143,7,6,1
585285,7,4,3
583285,7,6,1
583284,7,6,1
581360,7,7,0
581237,7,7,0
581199,7,6,1
580026,7,6,1
576122,7,5,2
576108,7,5,2
575005,7,3,4
574235,7,6,1
574141,7,7,0
571414,7,6,1
570025,7,5,2
560006,7,3,4
496004,7,7,0
495012,7,6,1
492012,7,7,0
492005,7,2,5
491334,7,4,3
486671,7,6,1
486002,7,0,7
484777,7,6,1
480332,7,5,2
477701,7,1,6
477564,7,6,1
477201,7,7,0
476343,7,5,2
475886,7,7,0
474330,7,6,1
473145,7,0,7
473107,7,7,0
473003,7,7,0
466117,7,4,3
465987,7,0,7
465695,7,5,2
464992,7,5,2
464552,7,4,3
461227,7,5,2
460031,7,2,5
458886,7,7,0
457996,7,7,0
457440,7,7,0
456062,7,0,7
455117,7,4,3
454545,7,4,3
454525,7,7,0
451446,7,7,0
451112,7,5,2
450220,7,7,0
445219,7,7,0
444913,7,5,2
444608,7,7,0
444406,7,5,2
443306,7,7,0
443107,7,7,0
442507,7,7,0
442502,7,6,1
441605,7,7,0
441109,7,6,1
440021,7,5,2
431716,7,6,1
431706,7,6,1
431004,7,4,3
421504,7,5,2
421502,7,4,3
416527,7,7,0
416517,7,6,1
416305,7,6,1
415414,7,5,2
413240,7,6,1
410403,7,5,2
403708,7,6,1
403509,7,6,1
403407,7,7,0
403115,7,7,0
403101,7,5,2
400608,7,5,2
400087,7,3,4
400006,7,3,4
396530,7,7,0
396472,7,6,1
396403,7,5,2
396002,7,3,4
394352,7,6,1
394235,7,6,1
392310,7,5,2
392180,7,6,1
392160,7,7,0
389343,7,7,0
388470,7,4,3
388301,7,3,4
385526,7,4,3
384250,7,7,0
384215,7,6,1
382630,7,5,2
382023,7,1,6
364005,7,3,4
362525,7,6,1
362135,7,6,1
361347,7,6,1
361330,7,5,2
361321,7,6,1
342032,7,5,2
333040,7,4,3
323305,7,2,5
322232,7,7,0
314405,7,6,1
312902,7,3,4
312025,7,6,1
305008,7,0,7
302011,7,0,7
301037,7,6,1
301031,7,5,2
284005,7,2,5
283031,7,4,3
282015,7,0,7
282011,7,0,7
282008,7,3,4
280001,7,3,4
273312,7,2,5
272166,7,1,6
272135,7,6,1
272006,7,5,2
263662,7,5,2
262526,7,5,2
252627,7,6,1
252426,7,5,2
252415,7,4,3
251425,7,3,4
251404,7,3,4
250645,7,4,3
250103,7,4,3
249302,7,6,1
249134,7,7,0
248161,7,3,4
247122,7,6,1
246438,7,7,0
246193,7,5,2
246142,7,2,5
244305,7,7,0
232113,7,6,1
231214,7,4,3
229416,7,5,2
228005,7,7,0
227302,7,3,4
226209,7,0,7
226029,7,3,4
226009,7,2,5
225131,7,3,4
225026,7,7,0
223121,7,2,5
222111,7,3,4
222106,7,1,6
221209,7,5,2
221111,7,6,1
221109,7,3,4
212313,7,3,4
211112,7,1,6
209106,7,6,1
209010,7,6,1
205152,7,2,5
201004,7,2,5
200601,7,2,5
182104,7,5,2
181208,7,3,4
181144,7,5,2
177116,7,5,2
177021,7,6,1
177005,7,4,3
176404,7,2,5
176219,7,5,2
176089,7,7,0
176060,7,6,1
173210,6,3,3
173204,7,4,3
173201,7,7,0
173031,7,6,1
173020,7,5,2
172112,7,7,0
171010,7,6,1
171002,7,4,3
160030,7,4,3
160002,7,6,1
134101,7,4,3
133105,7,5,2
132132,7,0,7
132025,7,4,3
125074,7,3,4
124526,7,4,3
124521,7,5,2
124518,7,6,1
124312,7,5,2
124129,7,6,1
848103,6,4,2
845405,6,1,5
843147,6,5,1
843143,6,6,0
835240,6,3,3
834007,6,2,4
829133,6,5,1
828124,6,5,1
828117,6,2,4
825383,6,6,0
825339,6,1,5
824212,6,6,0
822127,6,5,1
811318,6,5,1
802307,6,6,0
799158,6,6,0
799106,6,6,0
799014,6,5,1
799007,6,5,1
787027,6,6,0
786189,6,5,1
785694,6,5,1
784183,6,6,0
784181,6,5,1
782107,6,5,1
744211,6,6,0
744110,6,5,1
695583,6,5,1
695309,6,4,2
695302,6,3,3
695143,6,5,1
695142,6,5,1
695133,6,5,1
695132,6,3,3
695019,6,5,1
691602,6,4,2
691585,6,4,2
691566,6,5,1
691524,6,5,1
691515,6,4,2
691334,6,4,2
691311,6,5,1
691020,6,3,3
691012,6,5,1
690540,6,6,0
690534,6,5,1
690529,6,4,2
690511,6,4,2
690509,6,4,2
690108,6,5,1
689676,6,5,1
689667,6,5,1
689661,6,4,2
689650,6,5,1
689642,6,4,2
689624,6,4,2
689614,6,5,1
689611,6,3,3
689584,6,4,2
689549,6,6,0
689546,6,5,1
689122,6,3,3
689112,6,5,1
689107,6,3,3
689105,6,3,3
688013,6,5,1
688003,6,4,2
686587,6,6,0
686583,6,6,0
686571,6,5,1
686537,6,4,2
686516,6,5,1
686144,6,5,1
686143,6,4,2
686122,6,4,2
686012,6,5,1
685586,6,6,0
685566,6,5,1
683520,6,3,3
683503,6,4,2
683112,6,2,4
683106,6,3,3
682555,6,6,0
682552,6,6,0
682502,6,6,0
682501,6,5,1
682310,6,5,1
682309,6,5,1
682306,6,3,3
682304,6,5,1
682034,6,5,1
682010,6,4,2
680703,6,6,0
680663,6,5,1
680653,6,3,3
680618,6,5,1
680604,6,4,2
680589,6,5,1
680568,6,5,1
680543,6,2,4
680515,6,5,1
680510,6,5,1
680310,6,5,1
680028,6,4,2
680007,6,5,1
679563,6,5,1
679551,6,6,0
679105,6,5,1
679104,6,3,3
679101,6,3,3
678762,6,2,4
678688,6,4,2
678623,6,2,4
678596,6,4,2
678505,6,4,2
678012,6,5,1
673526,6,6,0
673313,6,5,1
671326,6,4,2
670563,6,5,1
670304,6,4,2
670104,6,4,2
670001,6,4,2
605005,6,5,1
591308,6,5,1
591173,6,5,1
587302,6,4,2
586138,6,4,2
585257,6,3,3
584166,6,5,1
584121,6,6,0
583287,6,4,2
583155,6,3,3
581396,6,3,3
581141,6,4,2
580215,6,5,1
577179,6,6,0
576257,6,4,2
576220,6,5,1
576106,6,5,1
575016,6,2,4
575010,6,5,1
574129,6,5,1
574113,6,4,2
563118,6,3,3
560107,6,3,3
560080,6,1,5
560065,6,3,3
526523,6,2,4
497450,6,6,0
497113,6,6,0
495444,6,6,0
494112,6,6,0
492016,6,3,3
488101,6,5,1
486332,6,2,4
484220,6,3,3
482053,6,6,0
481881,6,6,0
481302,6,5,1
476338,6,6,0
475888,6,6,0
475329,6,6,0
465678,6,4,2
464670,6,5,1
461281,6,4,2
457337,6,4,2
454661,6,6,0
453545,6,3,3
453332,6,4,2
453235,6,5,1
453012,6,1,5
450053,6,6,0
444724,6,5,1
444549,6,6,0
444122,6,6,0
444113,6,5,1
442912,6,6,0
442901,6,3,3
441811,6,6,0
431528,6,6,0
431526,6,6,0
423607,6,5,1
422614,6,5,1
422609,6,5,1
416425,6,5,1
416417,6,5,1
416414,6,3,3
415729,6,6,0
415634,6,5,1
415212,6,5,1
415210,6,6,0
413117,6,4,2
410402,6,6,0
403713,6,6,0
403515,6,6,0
403511,6,4,2
402405,6,4,2
401506,6,1,5
400090,6,4,2
396439,6,6,0
396421,6,4,2
396380,6,5,1
394660,6,5,1
394550,6,6,0
394321,6,3,3
394317,6,5,1
394220,6,2,4
388590,6,5,1
388545,6,6,0
388239,6,4,2
388132,6,5,1
382875,6,6,0
382861,6,6,0
382815,6,6,0
382725,6,5,1
382706,6,3,3
382428,6,5,1
382427,6,5,1
362540,6,5,1
362276,6,5,1
362267,6,3,3
362216,6,4,2
362012,6,3,3
361165,6,6,0
360540,6,6,0
360460,6,5,1
335805,6,3,3
334006,6,2,4
331030,6,4,2
325008,6,4,2
322313,6,0,6
321311,6,3,3
321132,6,0,6
312823,6,6,0
311608,6,5,1
303306,6,6,0
277306,6,5,1
277122,6,5,1
276401,6,4,2
273207,6,3,3
271805,6,3,3
271405,6,6,0
271314,6,5,1
271308,6,3,3
263671,6,4,2
263651,6,6,0
262704,6,5,1
251302,6,2,4
249148,6,5,1
249147,6,3,3
248195,6,3,3
248014,6,4,2
246702,6,2,4
246025,6,0,6
245411,6,3,3
245409,6,1,5
244717,6,5,1
244404,6,1,5
242601,6,4,2
241127,6,3,3
240001,6,3,3
233006,6,4,2
231111,6,1,5
230149,6,1,5
230123,6,5,1
228172,6,3,3
227804,6,1,5
226458,6,1,5
226031,6,0,6
225147,6,6,0
224268,6,3,3
222310,6,0,6
222195,6,2,4
222112,6,4,2
221719,6,6,0
221714,6,5,1
221407,6,5,1
221110,6,4,2
213213,6,1,5
212608,6,1,5
212132,6,2,4
211212,6,0,6
208040,6,0,6
207003,6,5,1
205114,6,6,0
203145,6,5,1
202301,6,0,6
201208,6,2,4
201202,6,3,3
191123,6,3,3
180012,6,3,3
177501,6,5,1
177118,6,6,0
176226,6,5,1
176071,6,5,1
174317,6,6,0
174036,6,4,2
173219,6,6,0
172034,6,6,0
160023,6,5,1
134108,6,3,3
131407,6,2,4
126118,6,3,3
124527,6,5,1
124426,6,4,2
124419,6,4,2
124314,6,2,4
124120,6,4,2
124115,6,3,3
124029,6,3,3
124023,6,4,2
123132,6,1,5
121212,6,1,5
121010,6,0,6
853168,5,5,0
848111,5,4,1
848109,5,5,0
845403,5,3,2
845402,5,3,2
841452,5,5,0
841259,5,5,0
841247,5,4,1
834012,5,2,3
832111,4,2,2
829129,5,4,1
825199,5,0,5
821119,5,5,0
813228,5,5,0
813113,5,2,3
811110,5,5,0
805135,5,5,0
803105,5,3,2
803104,5,2,3
802151,5,5,0
799100,5,4,1
798617,5,5,0
796230,5,4,1
795157,5,5,0
786692,5,4,1
785668,5,4,1
785660,5,5,0
783133,5,5,0
781004,5,4,1
744104,5,5,0
737138,5,3,2
695528,5,2,3
695513,5,3,2
695313,5,5,0
695029,5,4,1
691582,5,4,1
691500,5,3,2
691332,5,3,2
691304,5,2,3
691013,5,2,3
691004,5,4,1
690525,5,3,2
689677,5,5,0
689664,5,5,0
689623,5,4,1
689613,5,4,1
689590,5,4,1
689587,5,4,1
689571,5,4,1
689550,5,4,1
689543,5,5,0
689531,5,5,0
689513,5,4,1
689512,5,3,2
689510,5,2,3
689507,5,4,1
689108,5,5,0
689104,5,3,2
688570,5,4,1
688555,5,4,1
688523,5,3,2
688002,5,3,2
686653,5,4,1
686585,5,4,1
686561,5,3,2
686545,5,4,1
686521,5,3,2
686515,5,5,0
686017,5,3,2
686015,5,4,1
685616,5,3,2
685601,5,5,0
685512,5,2,3
685503,5,4,1
683587,5,4,1
683585,5,3,2
683563,5,2,3
683550,5,2,3
683548,5,2,3
683519,5,3,2
683515,5,5,0
682559,5,5,0
682556,5,5,0
682553,5,5,0
682503,5,4,1
682303,5,3,2
682026,5,1,4
682016,5,4,1
682012,5,4,1
680712,5,4,1
680691,5,4,1
680661,5,3,2
680631,5,4,1
680619,5,4,1
680617,5,4,1
680616,5,3,2
680594,5,3,2
680585,5,4,1
680582,5,4,1
680571,5,5,0
680564,5,4,1
680544,5,4,1
680520,5,4,1
680518,5,4,1
680508,5,4,1
680502,5,4,1
680302,5,5,0
680123,5,4,1
680122,5,4,1
679583,5,4,1
679523,5,5,0
679521,5,4,1
679515,5,4,1
679505,5,5,0
679306,5,4,1
678732,5,3,2
678731,5,4,1
678686,5,4,1
678685,5,3,2
678671,5,5,0
678632,5,5,0
678621,5,4,1
678594,5,2,3
678556,5,5,0
678552,5,3,2
678531,5,4,1
678103,5,4,1
673302,5,4,1
673018,5,2,3
673009,5,2,3
673006,5,5,0
670302,5,5,0
670013,5,4,1
590015,5,3,2
590009,5,2,3
586126,5,3,2
586106,5,4,1
584104,5,3,2
583276,5,4,1
581411,5,5,0
581305,5,3,2
581198,5,2,3
577451,5,2,3
577303,5,3,2
577118,5,5,0
574509,5,5,0
574244,5,5,0
574225,5,4,1
574115,5,3,2
560116,5,2,3
560071,5,2,3
497222,5,4,1
490022,5,3,2
488058,5,4,1
487883,5,5,0
486005,5,4,1
484846,5,5,0
484484,5,4,1
483053,5,4,1
475677,5,5,0
475331,5,3,2
474110,5,5,0
473583,5,2,3
473444,5,3,2
465770,5,4,1
464997,5,5,0
464225,5,5,0
464223,5,2,3
462031,5,3,2
462007,5,4,1
462006,5,2,3
457223,5,3,2
456673,5,4,1
455179,5,5,0
455011,5,5,0
454345,5,1,4
452023,5,0,5
451124,5,1,4
448333,5,5,0
445212,5,4,1
445208,5,5,0
444827,5,5,0
444821,5,4,1
444818,5,4,1
444814,5,5,0
444007,5,5,0
442910,5,4,1
442708,5,5,0
442706,5,5,0
442501,5,4,1
441923,5,5,0
441917,5,5,0
441813,5,5,0
441613,5,5,0
440019,5,3,2
435235,5,4,1
431608,5,3,2
431152,5,3,2
431108,5,4,1
425118,5,4,1
425106,5,5,0
425101,5,4,1
416807,5,5,0
416803,5,5,0
416437,5,4,1
416429,5,5,0
416428,5,4,1
416307,5,5,0
415707,5,3,2
415204,5,5,0
413581,5,4,1
413573,5,5,0
413313,5,4,1
411031,5,4,1
410508,5,5,0
410216,5,3,2
403720,5,5,0
403716,5,4,1
403714,5,4,1
403502,5,5,0
403409,5,5,0
403104,5,5,0
403102,5,5,0
400094,1,0,1
396175,5,4,1
395107,5,0,5
395011,5,1,4
394665,5,4,1
394270,5,4,1
391460,5,5,0
391169,5,5,0
388630,5,4,1
387140,5,4,1
385506,5,4,1
384320,5,4,1
383331,5,5,0
382708,5,3,2
382461,5,0,5
382426,5,4,1
382030,5,2,3
371306,5,4,1
361230,5,4,1
344023,5,5,0
344015,5,5,0
344002,5,4,1
342002,5,1,4
341528,5,4,1
331804,5,2,3
327608,5,5,0
321331,5,0,5
313805,5,5,0
311028,5,5,0
306107,5,4,1
284119,5,4,1
284004,5,2,3
282035,5,2,3
280713,5,3,2
277206,5,1,4
275103,5,1,4
274309,5,4,1
273364,5,0,5
273357,5,1,4
273214,5,3,2
273208,5,2,3
273204,5,3,2
273102,5,5,0
273009,5,4,1
272209,5,3,2
272132,5,2,3
272112,5,3,2
271717,5,3,2
271711,5,5,0
271304,5,4,1
266762,5,2,3
263689,5,5,0
263688,5,4,1
263675,5,3,2
256985,5,0,5
254785,5,1,4
252541,5,3,2
252526,5,4,1
250005,5,3,2
247111,5,3,2
246769,5,3,2
246767,5,5,0
246181,5,5,0
246058,5,0,5
245136,5,0,5
244824,5,4,1
244322,5,2,3
244211,5,5,0
244201,5,3,2
243404,5,4,1
242427,5,1,4
242421,5,4,1
242223,5,1,4
241004,5,3,2
236236,5,5,0
233008,5,2,3
233007,5,0,5
230140,5,3,2
229867,5,4,1
229417,5,3,2
229405,5,5,0
227802,5,0,5
227208,5,2,3
226633,5,0,5
226208,5,0,5
226204,5,0,5
226079,5,2,3
226058,5,2,3
226053,5,0,5
226032,5,0,5
226019,5,0,5
225008,5,4,1
224410,5,3,2
224401,5,2,3
224258,5,3,2
224222,5,3,2
224110,5,2,3
224102,5,2,3
222182,5,1,4
222171,5,1,4
222124,5,0,5
221501,5,2,3
221013,5,0,5
221009,5,3,2
215121,5,4,1
212615,5,0,5
212110,5,3,2
211403,5,5,0
209506,5,4,1
209309,5,2,3
207221,5,5,0
206502,5,2,3
203726,5,0,5
203301,5,2,3
203208,5,0,5
203148,5,1,4
202397,5,3,2
202284,5,5,0
202183,5,4,1
201465,5,5,0
201209,5,4,1
201011,5,1,4
200804,5,4,1
200201,5,2,3
192307,5,4,1
185134,5,5,0
181152,5,5,0
181104,5,5,0
180016,5,1,4
177205,5,4,1
176317,4,4,0
176121,5,4,1
174403,5,4,1
174320,5,5,0
174005,5,3,2
173227,5,5,0
173028,5,4,1
171303,5,3,2
171302,5,4,1
171215,5,4,1
160003,4,3,1
159753,5,1,4
135004,5,3,2
133301,5,3,2
132123,5,5,0
131310,5,4,1
126105,5,4,1
124535,5,3,2
124529,5,4,1
124522,5,3,2
124503,5,4,1
124416,5,4,1
124128,5,4,1
124006,5,5,0
122015,5,4,1
852119,4,4,0
852118,4,1,3
851225,4,2,2
851221,4,4,0
851114,4,4,0
848105,4,2,2
841317,4,4,0
841256,4,4,0
841105,4,4,0
839207,4,4,0
835215,4,3,1
828135,4,3,1
826003,4,3,1
825334,4,4,0
825122,4,1,3
824130,4,4,0
822129,4,4,0
821213,4,4,0
821001,4,3,1
814132,4,2,2
813231,4,2,2
813223,4,2,2
813128,4,4,0
813125,4,2,2
813115,4,4,0
813111,4,4,0
812113,4,4,0
805136,4,4,0
803204,4,4,0
803102,4,1,3
802234,4,3,1
802229,4,4,0
801320,4,4,0
801308,4,3,1
800030,4,2,2
800000,4,0,4
799245,4,4,0
799213,4,3,1
799121,4,4,0
799055,4,4,0
799010,4,3,1
797120,4,2,2
796710,4,4,0
795117,4,1,3
795014,4,4,0
788821,4,4,0
788716,4,3,1
786631,4,3,1
786616,4,4,0
782010,4,3,1
781024,4,2,2
744208,4,4,0
744106,4,3,1
737118,4,3,1
695522,4,3,1
695317,4,2,2
695316,4,3,1
695312,4,3,1
695144,4,3,1
695042,4,2,2
695035,4,2,2
695032,4,2,2
695018,4,0,4
691590,4,4,0
691543,4,3,1
691019,4,1,3
691009,4,4,0
691008,4,3,1
691007,4,2,2
690544,4,3,1
690542,4,4,0
690532,4,4,0
690530,4,4,0
690104,4,4,0
689698,4,3,1
689666,4,4,0
689656,4,3,1
689644,4,3,1
689630,4,3,1
689620,4,3,1
689615,4,4,0
689594,4,2,2
689583,4,3,1
689521,4,3,1
689506,4,2,2
689110,4,3,1
688536,4,3,1
688533,4,3,1
688503,4,4,0
688502,4,3,1
686637,4,3,1
686630,4,2,2
686601,4,3,1
686584,4,4,0
686531,4,3,1
686522,4,4,0
686517,4,2,2
686009,4,2,2
686005,4,3,1
685617,4,4,0
685614,4,4,0
685603,4,3,1
685508,4,1,3
683549,4,3,1
682558,4,4,0
682511,4,4,0
682312,4,4,0
682040,4,2,2
682037,4,2,2
682020,4,3,1
682013,4,3,1
680701,4,2,2
680689,4,2,2
680670,4,2,2
680669,4,2,2
680665,4,4,0
680524,4,3,1
680523,4,4,0
680521,4,1,3
680514,4,3,1
680305,4,3,1
680104,4,4,0
680010,4,2,2
680002,4,1,3
679587,4,3,1
679506,4,4,0
679106,4,3,1
678703,4,4,0
678573,4,2,2
678554,4,3,1
678003,4,3,1
678002,4,2,2
673123,4,4,0
671534,4,4,0
671349,4,4,0
671122,4,3,1
670567,4,2,2
670358,4,2,2
670110,4,3,1
670012,4,3,1
670008,4,4,0
605012,4,4,0
590019,4,4,0
586152,4,3,1
585445,4,4,0
584114,4,4,0
583147,4,1,3
581432,4,4,0
581365,4,1,3
581321,4,4,0
577277,4,4,0
577181,4,4,0
577117,4,3,1
575027,4,3,1
575025,4,3,1
575024,4,3,1
574148,4,3,1
573226,4,3,1
573139,4,4,0
572145,4,3,1
572144,4,4,0
571437,4,3,1
560117,4,4,0
560115,4,4,0
560112,4,1,3
560014,4,3,1
496112,4,4,0
494332,4,4,0
490012,4,0,4
486888,4,3,1
486668,4,0,4
486330,4,2,2
483337,4,4,0
481998,4,3,1
481448,4,4,0
481113,4,4,0
480549,4,4,0
477535,4,0,4
473771,4,2,2
473360,4,3,1
473351,4,4,0
472112,4,3,1
472006,4,2,2
470773,4,4,0
470325,4,4,0
470021,4,4,0
468001,4,2,2
466611,4,3,1
466601,4,4,0
465672,4,3,1
465658,4,1,3
465465,4,3,1
464570,4,3,1
464252,4,2,2
464215,4,4,0
463025,4,2,2
462033,4,2,2
462013,3,1,2
462009,4,2,2
461755,4,3,1
461446,4,4,0
461445,4,3,1
461005,4,2,2
460002,4,4,0
456650,4,4,0
455661,4,0,4
455178,4,3,1
455119,4,4,0
454112,4,4,0
452101,4,2,2
451381,4,4,0
451327,4,4,0
445309,4,2,2
443305,4,3,1
443109,4,4,0
442506,4,3,1
442312,4,3,1
442108,4,4,0
442103,4,2,2
441603,4,4,0
441211,4,4,0
441009,4,0,4
440005,4,4,0
435551,4,1,3
431812,4,4,0
431525,4,4,0
431210,4,2,2
425438,4,4,0
425325,4,3,1
425125,4,3,1
425124,4,4,0
424316,4,4,0
424119,4,3,1
423304,4,2,2
422110,4,3,1
422109,4,3,1
422106,4,1,3
421542,4,3,1
421206,4,4,0
416134,4,3,1
415016,4,4,0
414307,4,3,1
413243,4,4,0
410301,4,2,2
403803,4,3,1
403801,4,3,1
403723,4,4,0
403715,4,4,0
403711,4,3,1
403523,4,4,0
403510,4,4,0
403501,4,3,1
403202,4,2,2
403106,4,4,0
401609,4,4,0
400073,4,0,4
396412,4,4,0
396115,4,3,1
396035,4,4,0
396031,4,4,0
393017,4,3,1
391141,4,3,1
390013,4,2,2
390003,4,1,3
389160,4,4,0
388544,4,4,0
388110,4,2,2
387331,4,4,0
385525,4,2,2
384154,4,3,1
384005,4,4,0
384003,4,3,1
382760,4,4,0
382727,4,3,1
382025,4,0,4
382011,4,2,2
382009,4,2,2
380049,4,0,4
380003,4,2,2
370411,4,4,0
370006,4,4,0
363636,4,1,3
355535,4,3,1
344003,4,4,0
342017,4,4,0
341012,4,2,2
334304,4,4,0
332735,4,4,0
332726,4,3,1
332410,4,2,2
320001,4,1,3
312526,4,4,0
311809,4,2,2
303123,4,3,1
302005,4,2,2
285211,4,3,1
285161,4,4,0
285135,4,3,1
285132,4,4,0
283551,4,2,2
282111,4,4,0
281503,4,3,1
281303,4,2,2
281207,4,0,4
277309,4,4,0
277003,4,3,1
276102,4,4,0
275207,4,3,1
274605,4,2,2
274307,4,4,0
273219,4,0,4
273154,4,3,1
273107,4,4,0
272324,4,4,0
272272,4,3,1
271023,4,1,3
263620,4,4,0
263146,4,3,1
262809,4,4,0
262306,4,2,2
254156,4,3,1
252565,4,1,3
252563,4,3,1
252416,4,2,2
251303,4,2,2
250614,4,3,1
250102,4,3,1
249306,4,3,1
249203,4,2,2
249191,4,3,1
249166,4,3,1
249124,4,1,3
248147,4,4,0
247769,4,4,0
247002,4,2,2
246712,4,4,0
246525,4,4,0
246454,4,4,0
246451,4,3,1
246281,4,4,0
246191,4,3,1
246101,4,4,0
246052,4,0,4
246033,4,0,4
246022,4,2,2
245687,4,0,4
243624,4,3,1
243409,4,4,0
242654,4,4,0
241663,4,4,0
241002,4,3,1
233237,4,2,2
233236,4,3,1
232232,4,4,0
232115,4,3,1
232114,4,1,3
230220,4,3,1
230159,4,2,2
230101,4,0,4
229863,4,3,1
229406,4,2,2
227810,4,3,1
226654,4,0,4
226256,4,0,4
226207,4,0,4
226107,4,3,1
226089,4,1,3
226078,4,2,2
226056,4,1,3
226047,4,1,3
226041,4,1,3
225501,4,4,0
224503,4,4,0
224221,4,3,1
224220,4,1,3
224214,4,4,0
224150,4,1,3
223139,4,4,0
223001,4,1,3
222601,4,0,4
222401,4,3,1
222230,4,0,4
222130,4,1,3
221456,4,2,2
221232,4,0,4
221015,4,4,0
220301,4,2,2
220201,4,1,3
212642,4,2,2
211503,4,1,3
211321,4,1,3
211014,4,4,0
210310,4,3,1
209606,4,2,2
209603,4,3,1
209407,4,4,0
208028,4,0,4
208008,4,3,1
207509,4,4,0
206204,4,2,2
205132,4,0,4
202507,4,3,1
202120,4,1,3
201309,4,0,4
201212,4,4,0
201207,4,2,2
201014,4,0,4
200101,4,2,2
195302,4,4,0
194206,4,4,0
192234,4,1,3
190013,4,1,3
188220,4,3,1
185221,4,3,1
181209,4,4,0
177046,4,2,2
177030,4,1,3
176122,4,4,0
176120,4,4,0
176002,4,3,1
175122,4,4,0
173222,4,3,1
171304,4,4,0
171013,4,2,2
160029,4,2,2
160025,4,3,1
160011,4,3,1
160009,4,1,3
160001,4,3,1
134117,4,3,1
134001,4,0,4
132131,4,1,3
132106,4,1,3
131030,4,2,2
131003,4,0,4
127110,4,2,2
125105,4,2,2
124508,4,2,2
124418,4,3,1
124131,4,3,1
124007,4,2,2
124005,4,2,2
123506,4,4,0
122011,4,0,4
101802,4,0,4
852970,3,3,0
848512,3,3,0
848154,3,3,0
848123,3,0,3
848104,3,1,2
847426,3,1,2
847313,3,3,0
845312,3,3,0
844141,3,3,0
843368,3,3,0
843133,3,3,0
843002,3,1,2
841253,3,3,0
835241,3,1,2
835239,3,1,2
834021,3,2,1
833223,3,3,0
831020,3,0,3
829126,3,2,1
829120,3,3,0
828311,3,3,0
828133,3,1,2
828132,3,2,1
828123,3,3,0
828108,3,0,3
827003,3,0,3
825333,3,0,3
823119,3,3,0
821178,3,3,0
821133,3,3,0
815324,3,2,1
814140,3,3,0
814115,3,2,1
813214,3,1,2
813127,3,1,2
813112,3,2,1
806104,3,3,0
805113,3,2,1
804433,3,3,0
803220,3,3,0
803209,3,0,3
802227,3,3,0
802168,3,3,0
799282,3,3,0
798631,3,3,0
796981,3,3,0
796722,3,3,0
796470,3,3,0
796445,3,3,0
796075,3,3,0
794009,3,3,0
793013,3,1,2
788012,3,2,1
787043,3,1,2
786180,3,1,2
786006,3,2,1
785002,3,3,0
784120,3,3,0
781013,3,2,1
731219,3,3,0
712401,3,3,0
695611,3,2,1
695588,3,2,1
695527,3,2,1
695318,3,2,1
695307,3,3,0
695134,3,2,1
695044,3,1,2
695025,3,2,1
695007,3,2,1
691581,3,3,0
691308,3,3,0
691021,3,2,1
691016,3,2,1
690571,3,1,2
690528,3,2,1
689671,3,2,1
689668,3,3,0
689627,3,3,0
689602,3,2,1
689592,3,3,0
689591,3,3,0
689574,3,3,0
689514,3,2,1
689126,3,3,0
689113,3,3,0
689109,3,3,0
688581,3,2,1
688556,3,1,2
688009,3,2,1
688007,3,2,1
686674,3,1,2
686146,3,3,0
686020,3,3,0
686018,3,1,2
686013,3,2,1
685613,3,3,0
685591,3,3,0
685554,3,2,1
683571,3,2,1
683564,3,0,3
683110,3,2,1
683108,3,2,1
683104,3,1,2
682557,3,3,0
682554,3,3,0
682317,3,2,1
682038,3,1,2
682035,3,2,1
682033,3,0,3
682032,3,0,3
682031,3,3,0
682028,3,2,1
682022,3,0,3
682015,3,3,0
682003,3,3,0
680722,3,2,1
680657,3,3,0
680655,3,2,1
680642,3,2,1
680612,3,2,1
680591,3,2,1
680570,3,2,1
680545,3,2,1
680513,3,3,0
680004,3,2,1
679553,3,3,0
679516,3,3,0
679123,3,3,0
678722,3,2,1
678705,3,3,0
678611,3,1,2
678546,3,3,0
678104,3,2,1
678013,3,2,1
678008,3,2,1
678005,3,3,0
676556,3,2,1
673647,3,2,1
673615,3,3,0
673311,3,2,1
673029,3,3,0
673020,3,2,1
673013,3,2,1
670603,3,2,1
605011,3,1,2
591245,3,3,0
590007,3,1,2
590004,3,1,2
586162,3,3,0
585284,3,1,2
585276,3,2,1
584131,3,3,0
583140,3,3,0
582130,3,2,1
581395,3,3,0
581302,3,3,0
581197,3,2,1
581163,3,3,0
581143,3,3,0
581125,3,2,1
580212,3,0,3
580027,3,0,3
574327,3,0,3
574274,3,2,1
574267,3,3,0
573147,3,2,1
571484,3,2,1
571133,3,3,0
570034,3,0,3
570033,3,0,3
570032,3,0,3
565691,3,0,3
563119,3,2,1
562168,3,3,0
562161,3,2,1
561218,3,1,2
526352,3,0,3
525632,3,0,3
497321,3,1,2
496119,3,3,0
496110,3,3,0
495681,3,2,1
494699,3,3,0
494235,3,3,0
494113,3,3,0
493112,3,3,0
492002,3,1,2
491998,3,3,0
491988,3,3,0
491555,3,3,0
491443,3,2,1
490028,3,0,3
487113,3,2,1
487011,3,2,1
486677,3,2,1
486225,3,0,3
486110,3,2,1
483236,3,3,0
482050,3,2,1
482010,3,1,2
481644,3,3,0
481220,3,3,0
480662,3,2,1
480556,3,3,0
480118,3,1,2
477434,3,3,0
476214,3,3,0
476006,3,2,1
475332,3,3,0
475111,3,3,0
474042,3,3,0
473883,3,2,1
473553,3,3,0
473005,3,3,0
472612,3,3,0
472338,3,2,1
470671,3,3,0
470422,3,3,0
470112,3,3,0
470111,3,1,2
466443,3,3,0
466334,3,3,0
466223,3,1,2
466112,3,0,3
465332,3,2,1
465111,3,1,2
464882,3,3,0
462100,3,3,0
461225,3,3,0
460000,3,3,0
458661,3,1,2
458447,3,1,2
457992,3,3,0
457771,3,1,2
457111,3,3,0
456226,3,1,2
455302,3,3,0
455051,3,2,1
454551,3,2,1
454334,3,2,1
454332,3,1,2
454110,3,1,2
453446,3,1,2
452120,3,0,3
452021,3,0,3
451554,3,1,2
451223,3,3,0
450772,3,1,2
450340,3,2,1
450115,3,3,0
450002,3,3,0
448442,3,3,0
444911,3,3,0
444811,3,1,2
444718,3,3,0
444716,3,3,0
444546,3,3,0
444512,3,3,0
443208,3,3,0
441408,3,3,0
441227,3,1,2
441117,3,3,0
441115,3,3,0
432002,3,3,0
431703,3,3,0
431106,3,3,0
424114,3,3,0
423714,3,3,0
423103,3,2,1
422618,3,3,0
416622,3,3,0
416532,3,3,0
416426,3,3,0
416317,3,3,0
416145,3,2,1
416129,3,0,3
415704,3,3,0
415630,3,3,0
415516,3,3,0
415417,3,3,0
415201,3,1,2
413330,3,3,0
413235,3,2,1
413009,3,2,1
411022,3,1,2
410302,3,3,0
410105,3,1,2
410015,3,0,3
403721,3,2,1
403718,3,1,2
403712,3,3,0
403604,3,2,1
403514,3,3,0
403403,3,3,0
403203,3,2,1
402406,3,3,0
402125,3,0,3
401205,3,3,0
400704,3,2,1
400105,3,0,3
396215,3,2,1
396180,3,2,1
396171,3,1,2
395012,3,0,3
394460,3,0,3
393018,3,2,1
392031,3,2,1
392010,3,2,1
391750,3,3,0
389322,3,3,0
387385,3,3,0
384415,3,2,1
384277,3,0,3
384176,3,2,1
384175,3,2,1
384140,3,3,0
384121,3,2,1
384012,3,1,2
384011,3,3,0
383216,3,3,0
382863,3,3,0
382728,3,2,1
382717,3,2,1
382356,2,0,2
382312,3,1,2
382041,3,2,1
382003,3,1,2
380081,3,0,3
369210,3,2,1
365665,3,3,0
365541,3,1,2
362226,3,2,1
361141,3,1,2
360430,3,3,0
358341,3,1,2
344401,3,3,0
344005,3,3,0
343637,3,3,0
343440,3,3,0
342804,3,0,3
342460,3,2,1
332734,3,2,1
332409,3,2,1
326024,3,1,2
322225,3,3,0
321233,3,1,2
321232,3,1,2
321213,3,0,3
321131,3,1,2
321111,3,0,3
313302,3,3,0
313016,3,0,3
311029,3,0,3
309701,3,0,3
305006,3,0,3
302401,3,3,0
302030,3,1,2
301422,3,1,2
301017,3,2,1
301014,3,3,0
288472,3,0,3
285141,3,0,3
285133,3,0,3
284125,3,1,2
283205,3,0,3
283107,3,0,3
283006,3,3,0
282531,3,0,3
282032,3,0,3
281735,3,2,1
281011,3,1,2
281002,3,3,0
277404,3,3,0
277307,3,1,2
277218,3,3,0
277007,3,3,0
276003,3,3,0
276002,3,1,2
274005,3,0,3
274002,3,2,1
273350,3,2,1
273216,3,0,3
273103,3,2,1
273017,3,1,2
272541,3,3,0
272415,3,3,0
272215,3,2,1
271873,3,1,2
271716,3,3,0
271220,3,2,1
271112,3,2,1
263654,3,3,0
263647,3,2,1
263407,3,3,0
263154,3,0,3
263144,3,0,3
263141,3,2,1
262506,3,3,0
262403,3,2,1
262302,3,1,2
260506,3,3,0
256701,3,2,1
253115,3,3,0
252635,3,2,1
252125,3,1,2
251416,3,0,3
251213,3,0,3
250641,3,1,2
250604,3,3,0
248192,3,3,0
248152,3,1,2
248146,3,2,1
248110,3,1,2
248004,3,1,2
247556,3,2,1
246751,3,3,0
246450,3,3,0
246168,3,3,0
246059,3,2,1
246051,3,0,3
246032,3,0,3
246023,3,0,3
245689,3,0,3
245405,3,0,3
245403,3,2,1
245001,3,0,3
244992,3,3,0
244927,3,3,0
244718,3,3,0
244321,3,3,0
244103,3,2,1
243701,3,3,0
243621,3,3,0
243156,3,3,0
243132,3,2,1
242611,3,3,0
242526,3,0,3
242521,3,1,2
242222,3,2,1
242021,3,2,1
241365,3,3,0
235645,3,0,3
233330,3,2,1
233323,3,3,0
232401,3,3,0
232312,3,0,3
232131,3,2,1
232009,3,0,3
231204,3,1,2
230920,3,0,3
230104,3,2,1
229866,3,2,1
229435,3,1,2
229403,3,2,1
229312,3,3,0
229036,3,1,2
228143,3,3,0
228123,3,3,0
227893,3,0,3
227503,3,3,0
227402,3,1,2
227207,3,3,0
227004,3,1,2
226456,3,0,3
226308,3,1,2
226289,3,0,3
226213,3,0,3
226206,3,0,3
226108,3,3,0
226087,3,0,3
226083,3,1,2
226054,3,0,3
226034,3,0,3
226007,3,2,1
225113,3,1,2
224471,3,0,3
224252,3,3,0
224238,3,3,0
224226,3,2,1
224223,3,1,2
224166,3,1,2
224154,3,1,2
224148,3,0,3
223901,3,0,3
223505,3,2,1
223201,3,0,3
223128,3,0,3
223111,3,1,2
222630,3,0,3
222602,3,0,3
222502,3,2,1
222421,3,3,0
222321,3,2,1
222226,3,0,3
222212,3,1,2
222205,3,1,2
222151,3,0,3
222140,3,0,3
222123,3,2,1
222122,3,1,2
222114,3,3,0
222110,3,1,2
222016,3,1,2
221855,3,0,3
221231,3,1,2
221221,3,0,3
221203,3,0,3
221121,3,0,3
220101,3,3,0
220001,3,1,2
214566,3,3,0
213211,3,2,1
212801,3,0,3
212644,3,1,2
212522,3,1,2
212406,3,0,3
212308,3,2,1
212209,3,3,0
212136,3,2,1
212131,3,1,2
212030,3,1,2
211210,3,1,2
211021,3,0,3
211015,3,2,1
210416,3,3,0
210305,3,2,1
210013,3,1,2
209807,3,1,2
209806,3,2,1
209785,3,1,2
209744,3,3,0
209113,3,3,0
208301,3,3,0
208018,3,0,3
207625,3,0,3
207307,3,1,2
207202,3,2,1
206490,3,3,0
206158,3,1,2
206103,3,3,0
206031,3,3,0
205182,3,0,3
205144,3,3,0
203654,3,3,0
203151,3,1,2
203031,3,0,3
203005,3,0,3
203002,3,1,2
202723,3,1,2
201502,3,1,2
201452,3,2,1
201446,3,3,0
201280,3,2,1
201123,3,1,2
201121,3,1,2
201105,3,2,1
200801,3,2,1
200301,3,2,1
200001,3,1,2
194311,3,1,2
193593,3,3,0
191104,3,2,1
185232,3,2,1
185122,3,2,1
181662,3,3,0
181114,3,2,1
176075,3,3,0
176062,3,3,0
176024,3,2,1
175137,3,3,0
173202,3,2,1
171015,3,3,0
160055,3,3,0
160031,2,2,0
135105,3,1,2
132151,3,2,1
132013,3,0,3
131319,3,1,2
126129,3,2,1
125202,3,1,2
125003,3,0,3
124533,3,2,1
124421,3,1,2
124133,3,2,1
124125,3,2,1
124124,3,1,2
124123,3,2,1
124119,3,2,1
124028,3,2,1
124008,3,3,0
123503,3,0,3
123414,3,3,0
123413,3,2,1
122522,3,2,1
122106,3,2,1
122016,3,2,1
121705,3,0,3
121220,3,3,0
100804,3,3,0
979112,2,1,1
976701,2,1,1
976017,2,2,0
975105,2,2,0
975104,2,2,0
973119,2,2,0
943112,2,2,0
854210,2,2,0
854118,2,0,2
853233,2,1,1
852151,2,1,1
852117,2,1,1
852103,2,0,2
851115,2,0,2
848533,2,2,0
848511,2,2,0
848184,2,1,1
848118,2,2,0
847415,2,2,0
847406,2,2,0
847312,2,1,1
847309,2,2,0
847263,2,0,2
845460,2,1,1
845439,2,0,2
844235,2,2,0
844224,2,2,0
844211,2,0,2
844135,2,1,1
844132,2,2,0
843351,2,2,0
843201,2,0,2
843144,2,2,0
841430,2,1,1
841314,2,0,2
841228,2,0,2
838302,2,0,2
835244,2,2,0
835242,2,2,0
835027,2,0,2
835006,2,2,0
834011,2,0,2
833110,2,2,0
833108,2,2,0
831014,2,1,1
827301,2,0,2
826002,2,0,2
825421,2,1,1
825305,2,1,1
825150,2,1,1
825111,2,2,0
824239,2,1,1
823103,2,2,0
823000,2,0,2
821315,2,2,0
821117,2,2,0
815412,2,0,2
815253,2,1,1
814163,2,2,0
814121,2,2,0
814117,2,1,1
814106,2,2,0
813233,2,2,0
813122,2,2,0
813117,2,2,0
812123,2,2,0
811306,2,1,1
811205,2,2,0
811108,2,2,0
808403,2,0,2
808401,2,1,1
805302,2,1,1
804430,2,2,0
803208,2,1,1
803206,2,2,0
803126,2,2,0
803122,2,2,0
803121,2,1,1
802235,2,1,1
802172,2,2,0
802124,2,2,0
802001,2,1,1
799265,2,2,0
799214,2,2,0
799123,2,2,0
799122,2,2,0
799119,2,2,0
799046,2,2,0
799022,2,2,0
797118,2,1,1
797113,2,2,0
796591,2,1,1
796106,2,2,0
796031,2,1,1
796006,2,0,2
796002,2,2,0
795314,2,2,0
794007,2,2,0
794004,2,2,0
792114,2,0,2
791119,2,2,0
788702,2,1,1
786624,2,2,0
786172,2,2,0
785704,2,2,0
785620,2,1,1
785511,2,1,1
784151,2,2,0
783217,2,1,1
782466,2,1,1
782132,2,0,2
782108,2,2,0
782044,2,0,2
781519,2,0,2
781513,2,2,0
781356,2,2,0
781039,2,1,1
781010,2,2,0
780305,2,0,2
770666,2,2,0
755151,2,1,1
752175,2,0,2
744112,2,1,1
737136,2,1,1
737104,2,0,2
707035,2,1,1
704103,2,2,0
703101,2,1,1
695589,2,0,2
695587,2,2,0
695585,2,2,0
695030,2,1,1
691604,2,0,2
691587,2,1,1
691580,2,1,1
691527,2,1,1
691006,2,2,0
691002,2,2,0
690539,2,1,1
689654,2,1,1
689652,2,2,0
689629,2,2,0
689597,2,2,0
689518,2,2,0
689516,2,1,1
689125,2,2,0
688559,2,2,0
688547,2,2,0
688546,2,2,0
688535,2,2,0
688508,2,1,1
688012,2,2,0
688008,2,2,0
686695,2,1,1
686666,2,1,1
686616,2,1,1
686609,2,2,0
686555,2,1,1
686548,2,2,0
686505,2,1,1
686123,2,2,0
686106,2,2,0
686022,2,2,0
686021,2,2,0
685621,2,2,0
685539,2,2,0
685502,2,2,0
683593,2,1,1
683589,2,1,1
683573,2,1,1
683543,2,2,0
683521,2,2,0
683502,2,1,1
682319,2,1,1
682025,2,1,1
682004,2,2,0
680725,2,2,0
680611,2,2,0
680596,2,2,0
680565,2,2,0
680555,2,0,2
680553,2,2,0
680522,2,2,0
680304,2,2,0
680103,2,2,0
680102,2,2,0
680026,2,2,0
680008,2,1,1
679594,2,0,2
678752,2,2,0
678704,2,2,0
678689,2,1,1
678624,2,2,0
678598,2,2,0
678545,2,2,0
678542,2,2,0
678011,2,2,0
676522,2,2,0
676104,2,2,0
673635,2,2,0
673531,2,0,2
673515,2,2,0
671329,2,1,1
670310,2,2,0
611002,2,1,1
594102,2,1,1
591817,2,1,1
591327,2,2,0
591326,2,2,0
587456,2,0,2
586227,2,2,0
586225,2,2,0
586218,2,2,0
585426,2,2,0
585359,2,0,2
585338,2,1,1
585246,2,2,0
585240,2,0,2
585235,2,1,1
585111,2,2,0
584130,2,1,1
584119,2,2,0
584108,2,0,2
584106,2,1,1
583138,2,1,1
582123,2,1,1
581437,2,2,0
581308,2,2,0
581152,2,2,0
581131,2,2,0
577753,2,2,0
577588,2,2,0
577445,2,2,0
577149,2,2,0
577142,2,2,0
576218,2,2,0
574247,2,1,1
574189,2,1,1
574166,2,2,0
574124,2,2,0
574112,2,2,0
573182,2,2,0
573132,2,2,0
571483,2,2,0
571479,2,2,0
571327,2,2,0
571323,2,2,0
571188,2,2,0
571113,2,1,1
571004,2,1,1
563163,2,2,0
563105,2,2,0
562115,2,1,1
561215,2,2,0
560007,2,0,2
547990,2,2,0
525320,2,0,2
525301,2,1,1
505122,2,0,2
497325,2,2,0
496660,2,2,0
496460,2,2,0
496332,2,1,1
495876,2,2,0
495665,2,2,0
495451,2,0,2
495221,2,2,0
494630,2,2,0
494452,2,2,0
494445,2,2,0
494232,2,2,0
493361,2,2,0
493334,2,2,0
493109,2,1,1
492111,2,1,1
492108,2,2,0
491448,2,2,0
491116,2,2,0
491007,2,1,1
491002,2,1,1
490008,2,0,2
488102,2,2,0
487785,2,2,0
486667,2,1,1
486664,2,0,2
486663,2,1,1
486662,2,0,2
486653,2,1,1
486620,2,1,1
486442,2,1,1
486433,2,1,1
486336,2,2,0
486011,2,2,0
486010,2,0,2
486004,2,2,0
485717,2,0,2
485225,2,1,1
485116,2,1,1
484887,2,2,0
484884,2,2,0
484779,2,2,0
484662,2,2,0
484007,2,2,0
483733,2,2,0
483223,2,1,1
481890,2,2,0
481685,2,2,0
481678,2,2,0
481336,2,2,0
481334,2,0,2
481103,2,2,0
480061,2,0,2
480011,2,2,0
480000,2,1,1
477893,2,2,0
477874,2,0,2
477566,2,2,0
477422,2,2,0
477106,2,1,1
477014,2,2,0
477002,2,1,1
476004,2,1,1
475668,2,2,0
475662,2,1,1
475660,2,1,1
475656,2,1,1
475633,2,2,0
475230,2,2,0
474117,2,0,2
474043,2,0,2
474008,2,1,1
473996,2,2,0
473780,2,2,0
473552,2,0,2
473445,2,1,1
473385,2,2,0
473338,2,2,0
473112,2,1,1
473002,2,2,0
472011,2,0,2
472009,2,1,1
472002,2,2,0
471485,2,2,0
471006,2,2,0
470774,2,2,0
470336,2,1,1
470332,2,2,0
470331,2,2,0
470237,2,2,0
470225,2,2,0
470116,2,2,0
470007,2,1,1
469166,2,2,0
468882,2,2,0
468777,2,2,0
468687,2,0,2
466666,2,1,1
466440,2,0,2
466337,2,1,1
466227,2,1,1
466222,2,1,1
466166,2,2,0
466133,2,2,0
466007,2,0,2
465662,2,1,1
465656,2,0,2
465646,2,1,1
465569,2,1,1
465555,2,0,2
465551,2,1,1
465451,2,2,0
465446,2,1,1
465444,2,1,1
465004,2,2,0
464999,2,1,1
464966,2,2,0
464686,2,1,1
464669,2,0,2
464660,2,1,1
464334,2,1,1
464256,2,2,0
464118,2,0,2
462247,2,2,0
462200,2,2,0
462045,2,0,2
462020,2,1,1
462005,2,1,1
461338,2,0,2
460552,2,1,1
460430,2,2,0
458889,2,0,2
458484,2,0,2
458442,2,1,1
458221,2,0,2
458003,2,2,0
457999,2,1,1
457998,2,2,0
457997,2,2,0
457663,2,1,1
457117,2,0,2
456666,2,1,1
456444,2,2,0
456230,2,2,0
456116,2,1,1
456021,2,2,0
456012,2,0,2
455441,2,2,0
455415,2,2,0
455334,2,1,1
455331,2,0,2
455305,2,0,2
455225,2,2,0
455003,2,0,2
454740,2,2,0
454674,2,0,2
454635,2,2,0
454549,2,1,1
454542,2,2,0
454450,2,1,1
454376,2,2,0
454124,2,2,0
454101,2,2,0
454002,2,0,2
453576,2,2,0
453555,2,0,2
453442,2,0,2
452441,2,0,2
452331,2,0,2
452121,2,0,2
452111,2,0,2
452102,2,0,2
452000,2,0,2
451506,2,2,0
451245,2,1,1
451215,2,1,1
451010,2,1,1
450555,2,1,1
450449,2,2,0
450441,2,2,0
450338,2,2,0
450016,2,1,1
450011,2,1,1
445505,2,2,0
445403,2,2,0
445217,2,2,0
445115,2,1,1
444914,2,2,0
444909,2,2,0
444308,2,1,1
444112,2,2,0
443307,2,2,0
443207,2,2,0
443108,2,1,1
443002,2,0,2
442303,2,0,2
442118,2,2,0
442109,2,2,0
442107,2,2,0
442003,2,2,0
441920,2,2,0
441808,2,2,0
441606,2,2,0
441504,2,1,1
441114,2,2,0
441004,2,2,0
441000,2,2,0
440020,2,0,2
440011,2,1,1
440007,2,2,0
437001,2,1,1
434565,2,1,1
433702,2,2,0
433440,2,1,1
433365,2,0,2
432005,2,1,1
431646,2,2,0
431607,2,2,0
431100,2,2,0
426429,2,2,0
425517,2,2,0
425509,2,2,0
425437,2,2,0
425436,2,2,0
425435,2,1,1
425324,2,2,0
425322,2,2,0
425312,2,2,0
425209,2,2,0
425132,2,2,0
425123,2,2,0
425121,2,2,0
425117,2,2,0
424314,2,2,0
424100,2,2,0
423512,2,1,1
422503,2,1,1
422113,2,2,0
422112,2,2,0
421614,2,2,0
421406,2,2,0
421100,2,2,0
420010,2,2,0
416427,2,2,0
416224,2,2,0
416146,2,2,0
416138,2,2,0
415618,2,1,1
415117,2,2,0
414404,2,2,0
414007,2,2,0
413901,2,2,0
413580,2,2,0
413232,2,1,1
413122,2,1,1
413033,2,2,0
411517,2,2,0
411123,2,1,1
410408,2,2,0
410119,2,1,1
410106,2,2,0
408997,2,2,0
406301,2,1,1
404001,2,0,2
403727,2,2,0
403701,2,2,0
403529,2,2,0
403526,2,2,0
403204,2,2,0
403201,2,1,1
403004,2,2,0
403003,2,2,0
402021,2,2,0
401206,2,2,0
397517,2,2,0
396520,2,2,0
396489,2,2,0
396440,2,1,1
396236,2,2,0
396108,2,1,1
395206,2,0,2
395013,2,0,2
394145,2,2,0
393142,2,2,0
393000,2,0,2
392120,2,1,1
392002,2,1,1
391345,2,0,2
391320,2,0,2
390028,2,0,2
389713,2,2,0
389270,2,2,0
388485,2,2,0
388240,2,2,0
387810,2,1,1
385541,2,2,0
385519,2,2,0
385511,2,2,0
384380,2,2,0
384323,2,2,0
384319,2,2,0
384206,2,1,1
383234,2,2,0
383145,2,0,2
383130,2,1,1
382707,2,2,0
382442,2,0,2
382420,2,0,2
382365,2,0,2
382352,2,1,1
382328,2,0,2
382221,2,2,0
382029,2,0,2
382022,2,0,2
382020,2,1,1
382012,2,1,1
380056,2,0,2
380043,2,0,2
380040,2,1,1
380027,2,2,0
373701,2,2,0
370602,2,1,1
370250,2,0,2
370203,2,1,1
369235,2,2,0
364180,2,0,2
364081,2,1,1
364010,2,2,0
363610,2,1,1
363340,2,2,0
362723,2,2,0
362515,2,0,2
362513,2,1,1
362277,2,2,0
362014,2,1,1
362005,2,0,2
362004,2,1,1
362003,2,1,1
361770,2,2,0
361150,2,1,1
360045,2,1,1
356465,2,0,2
345002,2,2,0
344470,2,2,0
343043,2,2,0
343026,2,1,1
342813,2,2,0
341522,2,1,1
335552,2,1,1
334404,2,0,2
333706,2,2,0
333045,2,0,2
333038,2,2,0
333007,2,1,1
332604,2,2,0
332313,2,0,2
331404,2,2,0
331401,2,0,2
331313,2,1,1
330422,2,2,0
325005,2,0,2
323321,2,0,2
323232,2,1,1
323223,2,1,1
323212,2,0,2
323202,2,1,1
323131,2,1,1
322323,2,1,1
322224,2,1,1
322132,2,0,2
322123,2,0,2
321604,2,0,2
321603,2,1,1
321322,2,0,2
321212,2,0,2
321123,2,0,2
321034,2,0,2
320411,2,2,0
314013,2,2,0
313707,2,2,0
313311,2,1,1
313304,2,2,0
313228,2,2,0
313037,2,2,0
313021,2,2,0
313005,2,2,0
312622,2,0,2
312611,2,0,2
312031,2,1,1
312026,2,1,1
311810,2,0,2
311808,2,1,1
311807,2,1,1
311405,2,2,0
307526,2,2,0
307020,2,1,1
306404,2,2,0
306402,2,0,2
304215,2,2,0
303902,2,1,1
303331,2,0,2
303307,2,2,0
303204,2,0,2
303130,2,2,0
302908,2,2,0
301307,2,2,0
299001,2,2,0
290001,2,0,2
287551,2,1,1
285251,2,1,1
285136,2,2,0
284136,2,2,0
283235,2,2,0
283215,2,0,2
283120,2,2,0
283106,2,1,1
283100,2,0,2
283051,2,0,2
283035,2,0,2
283002,2,0,2
283001,2,1,1
282016,2,0,2
282014,2,0,2
281808,2,2,0
281532,2,0,2
281208,2,2,0
281107,2,1,1
281015,2,2,0
281008,2,1,1
280306,2,0,2
277409,2,1,1
277011,2,2,0
277008,2,1,1
276165,2,1,1
276132,2,2,0
276120,2,0,2
276025,2,1,1
276006,2,1,1
275021,2,1,1
274607,2,2,0
274308,2,0,2
274231,2,2,0
273903,2,0,2
273665,2,1,1
273415,2,1,1
273400,2,2,0
273363,2,1,1
273355,2,0,2
273218,2,0,2
273217,2,0,2
273150,2,1,1
273135,2,1,1
273116,2,2,0
273111,2,1,1
273110,2,0,2
273104,2,0,2
273101,2,0,2
273011,2,0,2
272401,2,0,2
272365,2,0,2
272251,2,2,0
272212,2,1,1
272179,2,2,0
272114,2,2,0
272101,2,2,0
272007,2,1,1
271854,2,2,0
271838,2,2,0
271836,2,1,1
271815,2,1,1
271713,2,2,0
271706,2,2,0
271701,2,2,0
271626,2,2,0
271514,2,0,2
271415,2,1,1
271321,2,2,0
271213,2,2,0
271113,2,0,2
270661,2,0,2
270014,2,1,1
270001,2,1,1
266764,2,0,2
266208,2,2,0
266124,2,0,2
266010,2,1,1
266001,2,1,1
263681,2,2,0
263670,2,1,1
263147,2,2,0
262627,2,2,0
262518,2,2,0
262301,2,2,0
262221,2,0,2
262206,2,2,0
262135,2,0,2
262002,2,1,1
261305,2,0,2
261112,2,2,0
261104,2,0,2
257772,2,2,0
257554,2,0,2
256725,2,1,1
256122,2,1,1
254632,2,1,1
254545,2,0,2
254521,2,0,2
254252,2,0,2
254155,2,0,2
254122,2,0,2
252652,2,0,2
252628,2,1,1
252555,2,2,0
252553,2,2,0
252411,2,0,2
251701,2,2,0
251505,2,2,0
251503,2,1,1
251502,2,1,1
251415,2,1,1
251312,2,0,2
251151,2,1,1
251122,2,2,0
250624,2,2,0
250613,2,1,1
250602,2,1,1
250340,2,2,0
250304,2,2,0
250202,2,2,0
250201,2,1,1
250121,2,1,1
250010,2,2,0
249303,2,2,0
249195,2,2,0
249143,2,0,2
249106,2,1,1
248175,2,0,2
248119,2,2,0
248100,2,1,1
247913,2,2,0
247654,2,2,0
247509,2,0,2
247332,2,2,0
247254,2,0,2
247161,2,2,0
247141,2,1,1
247136,2,2,0
247132,2,1,1
247123,2,2,0
246969,2,1,1
246773,2,2,0
246766,2,0,2
246754,2,1,1
246742,2,2,0
246741,2,0,2
246713,2,2,0
246456,2,2,0
246452,2,2,0
246306,2,2,0
246227,2,1,1
246224,2,0,2
246192,2,1,1
246055,2,0,2
246028,2,0,2
246003,2,1,1
245663,2,1,1
245204,2,2,0
245123,2,1,1
245104,2,2,0
245102,2,1,1
244719,2,2,0
244555,2,1,1
244527,2,2,0
244503,2,0,2
244492,2,2,0
244422,2,0,2
244421,2,0,2
244232,2,1,1
244226,2,1,1
244223,2,2,0
244207,2,2,0
244206,2,2,0
244202,2,0,2
244013,2,1,1
244004,2,2,0
243736,2,2,0
243408,2,1,1
243304,2,2,0
243206,2,1,1
243162,2,2,0
243127,2,2,0
243102,2,2,0
242630,2,1,1
242622,2,0,2
242602,2,2,0
242565,2,2,0
242562,2,2,0
242522,2,2,0
242515,2,0,2
242404,2,1,1
242242,2,2,0
242224,2,2,0
242176,2,2,0
242101,2,1,1
241824,2,1,1
241607,2,2,0
241568,2,2,0
241523,2,2,0
241506,2,1,1
241321,2,2,0
241314,2,0,2
241307,2,1,1
241256,2,0,2
241226,2,0,2
241205,2,0,2
241101,2,1,1
240101,2,1,1
240012,2,0,2
235666,2,0,2
234566,2,1,1
234162,2,2,0
233335,2,0,2
233326,2,0,2
233234,2,1,1
233207,2,0,2
233202,2,0,2
233111,2,0,2
233011,2,1,1
233003,2,0,2
232524,2,2,0
232403,2,2,0
232356,2,1,1
232337,2,2,0
232316,2,2,0
232211,2,0,2
232119,2,2,0
232116,2,2,0
232001,2,1,1
231323,2,0,2
231201,2,1,1
231121,2,0,2
231112,2,2,0
230209,2,2,0
230206,2,1,1
230150,2,0,2
230004,2,2,0
229825,2,2,0
229809,2,1,1
229721,2,0,2
229505,2,2,0
229465,2,2,0
229003,2,2,0
228411,2,1,1
228305,2,1,1
228153,2,1,1
228149,2,0,2
228114,2,1,1
228081,2,1,1
227775,2,0,2
227711,2,2,0
227707,2,0,2
227705,2,1,1
227459,2,1,1
227141,2,1,1
227102,2,2,0
226852,2,1,1
226528,2,0,2
226508,2,0,2
226309,2,0,2
226304,2,1,1
226266,2,0,2
226261,2,2,0
226137,2,0,2
226127,2,0,2
226122,2,1,1
226090,2,1,1
226086,2,0,2
226081,2,1,1
226076,2,1,1
226069,2,1,1
226051,2,0,2
226042,2,0,2
226038,2,0,2
225632,2,1,1
225221,2,1,1
225214,2,2,0
225145,2,2,0
225116,2,1,1
225103,2,2,0
225100,2,2,0
225022,2,1,1
225010,2,2,0
224466,2,0,2
224278,2,0,2
224257,2,2,0
224236,2,0,2
224212,2,1,1
224211,2,2,0
224185,2,1,1
224144,2,0,2
224131,2,1,1
224128,2,0,2
223503,2,1,1
223321,2,1,1
223301,2,0,2
223261,2,0,2
223241,2,0,2
223232,2,0,2
223231,2,1,1
223228,2,0,2
223212,2,0,2
223210,2,0,2
223204,2,1,1
223202,2,2,0
223012,2,1,1
222940,2,2,0
222623,2,1,1
222620,2,0,2
222618,2,1,1
222425,2,2,0
222422,2,1,1
222325,2,1,1
222305,2,0,2
222304,2,2,0
222245,2,2,0
222218,2,0,2
222217,2,1,1
222169,2,1,1
222160,2,1,1
222150,2,1,1
222134,2,1,1
222126,2,2,0
222121,2,0,2
222015,2,2,0
222012,2,2,0
222010,2,2,0
221816,2,2,0
221793,2,0,2
221454,2,1,1
221230,2,1,1
221225,2,1,1
221212,2,0,2
221211,2,0,2
221200,2,1,1
221122,2,2,0
221000,2,0,2
220911,2,0,2
220620,2,2,0
220411,2,1,1
220202,2,0,2
216131,2,0,2
215422,2,2,0
215210,2,1,1
214523,2,2,0
213132,2,0,2
213131,2,0,2
212647,2,0,2
212610,2,1,1
212509,2,1,1
212407,2,0,2
212326,2,1,1
212225,2,1,1
212212,2,1,1
212211,2,0,2
212129,2,0,2
212124,2,1,1
212122,2,1,1
212102,2,1,1
212101,2,0,2
212037,2,2,0
212034,2,2,0
212025,2,1,1
212021,2,1,1
212012,2,2,0
212001,2,0,2
211260,2,0,2
211231,2,2,0
211213,2,0,2
211202,2,1,1
211201,2,1,1
211121,2,0,2
211101,2,2,0
211022,2,1,1
210405,2,1,1
210352,2,1,1
210210,2,1,1
210102,2,1,1
210003,2,1,1
209881,2,2,0
209879,2,2,0
209878,2,2,0
209850,2,2,0
209803,2,2,0
209717,2,2,0
209643,2,0,2
209608,2,0,2
209605,2,2,0
209412,2,2,0
209331,2,1,1
209103,2,2,0
209001,2,1,1
208309,2,0,2
208303,2,1,1
208093,2,2,0
207239,2,2,0
207141,2,1,1
207126,2,2,0
206448,2,1,1
206262,2,1,1
206254,2,0,2
206226,2,2,0
206153,2,0,2
206135,2,0,2
205662,2,2,0
205401,2,2,0
205342,2,2,0
205256,2,1,1
205206,2,2,0
205185,2,1,1
205131,2,1,1
205123,2,1,1
205060,2,0,2
204701,2,2,0
204568,2,2,0
204566,2,2,0
204515,2,2,0
204413,2,2,0
204272,2,1,1
204210,2,0,2
204201,2,0,2
204151,2,0,2
204145,2,2,0
204116,2,2,0
204001,2,2,0
203515,2,2,0
203505,2,1,1
203206,2,0,2
203144,2,2,0
203101,2,2,0
203004,2,0,2
202725,2,2,0
202704,2,1,1
202323,2,2,0
202308,2,0,2
202305,2,1,1
202304,2,0,2
202225,2,0,2
202206,2,2,0
202181,2,1,1
202011,2,0,2
202006,2,2,0
201463,2,2,0
201311,2,0,2
201264,2,1,1
201241,2,0,2
201222,2,2,0
201104,2,2,0
201028,2,2,0
201013,2,1,1
200910,2,2,0
200202,2,2,0
200121,2,0,2
199223,2,1,1
194402,2,2,0
194303,2,2,0
194107,2,2,0
194016,2,2,0
193324,2,1,1
192308,2,2,0
192142,2,1,1
190024,2,0,2
190007,2,2,0
186001,2,0,2
185234,2,2,0
185112,2,2,0
185103,2,2,0
183880,2,2,0
183775,2,2,0
183131,2,1,1
181223,2,1,1
181134,2,2,0
181124,2,0,2
180031,2,2,0
180019,2,2,0
180018,2,1,1
177848,2,2,0
176222,2,1,1
176213,2,1,1
176126,2,2,0
176123,2,2,0
174501,2,2,0
174402,2,1,1
174000,2,2,0
173230,2,0,2
171123,2,2,0
171008,1,1,0
170001,2,2,0
160045,2,2,0
160026,2,1,1
160015,2,1,1
160012,2,2,0
148990,2,0,2
147852,2,2,0
135136,2,2,0
135104,2,2,0
135027,2,2,0
134114,2,0,2
134105,2,2,0
134005,2,2,0
134002,2,2,0
133108,2,2,0
132402,2,0,2
132133,2,0,2
132053,2,2,0
132050,2,1,1
131037,2,0,2
131035,2,2,0
131011,2,1,1
126146,2,2,0
126120,2,0,2
126109,2,2,0
126106,2,2,0
126103,2,2,0
125125,2,0,2
125087,2,2,0
124534,2,1,1
124530,2,2,0
124528,2,1,1
124525,2,1,1
124516,2,1,1
124429,2,1,1
124423,2,1,1
124139,2,1,1
124132,2,2,0
124110,2,2,0
124031,2,0,2
123504,2,1,1
123133,2,0,2
123131,2,0,2
123123,2,1,1
123110,2,1,1
122109,2,2,0
122007,2,2,0
122005,2,0,2
121718,2,0,2
121415,2,0,2
121211,2,1,1
121104,2,1,1
104103,2,2,0
103103,2,0,2
100101,2,1,1
1520,2,0,2
990331,1,1,0
989170,1,0,1
988902,1,1,0
987620,1,1,0
986520,1,1,0
986267,1,0,1
986025,1,0,1
983901,1,1,0
983510,1,0,1
982920,1,1,0
982071,1,0,1
979115,1,0,1
978625,1,1,0
978611,1,1,0
977213,1,0,1
976431,1,1,0
976230,1,1,0
975149,1,1,0
975141,1,1,0
975009,1,0,1
974103,1,0,1
974005,1,1,0
973106,1,1,0
973105,1,1,0
973009,1,0,1
972195,1,1,0
972120,1,1,0
972107,1,0,1
965141,1,1,0
953231,1,1,0
949196,1,0,1
949135,1,1,0
947227,1,1,0
942074,1,1,0
941906,1,1,0
941903,1,1,0
941592,1,1,0
941562,1,1,0
931005,1,0,1
930035,1,0,1
928201,1,1,0
924204,1,1,0
919003,1,0,1
918202,1,1,0
916133,1,0,1
914151,1,1,0
914109,1,1,0
913205,1,1,0
913006,1,1,0
912122,1,0,1
911301,1,1,0
909901,1,0,1
909304,1,1,0
908402,1,0,1
907402,1,1,0
907401,1,1,0
906101,1,1,0
905104,1,0,1
904803,1,1,0
903801,1,1,0
900939,1,1,0
900503,1,1,0
900204,1,0,1
894113,1,1,0
893125,1,0,1
892623,1,0,1
892216,1,0,1
892131,1,0,1
884419,1,1,0
884408,1,0,1
884334,1,0,1
883351,1,1,0
883324,1,0,1
883319,1,1,0
883302,1,1,0
883217,1,1,0
882221,1,0,1
881201,1,0,1
881003,1,0,1
880990,1,1,0
877401,1,0,1
875621,1,1,0
871019,1,0,1
861241,1,0,1
859654,1,1,0
859336,1,0,1
859311,1,0,1
859108,1,0,1
859102,1,0,1
858745,1,0,1
858201,1,1,0
857451,1,0,1
856433,1,1,0
855454,1,0,1
855337,1,1,0
855317,1,1,0
855222,1,0,1
855155,1,1,0
855017,1,1,0
855010,1,1,0
854929,1,1,0
854911,1,0,1
854830,1,1,0
854829,1,0,1
854737,1,1,0
854555,1,0,1
854545,1,1,0
854507,1,1,0
854418,1,0,1
854385,1,0,1
854371,1,0,1
854358,1,1,0
854342,1,1,0
854341,1,1,0
854323,1,1,0
854320,1,1,0
854313,1,0,1
854251,1,1,0
854236,1,1,0
854218,1,0,1
854215,1,1,0
854140,1,1,0
854122,1,1,0
854031,1,1,0
854015,1,1,0
853401,1,1,0
853339,1,0,1
853227,1,0,1
853210,1,1,0
853207,1,1,0
853002,1,0,1
852613,1,1,0
852369,1,0,1
852318,1,0,1
852257,1,0,1
852239,1,0,1
852229,1,1,0
852223,1,1,0
852207,1,1,0
852136,1,1,0
852120,1,0,1
852104,1,0,1
852102,1,1,0
852001,1,0,1
851712,1,1,0
851504,1,1,0
851439,1,0,1
851421,1,0,1
851334,1,1,0
851238,1,0,1
851231,1,1,0
851228,1,1,0
851223,1,1,0
851222,1,1,0
851123,1,1,0
851121,1,1,0
851119,1,1,0
851105,1,1,0
850219,1,1,0
850111,1,1,0
849103,1,0,1
848881,1,1,0
848549,1,1,0
848520,1,0,1
848519,1,1,0
848514,1,0,1
848507,1,0,1
848446,1,1,0
848430,1,1,0
848424,1,0,1
848420,1,1,0
848409,1,1,0
848303,1,0,1
848220,1,1,0
848177,1,0,1
848162,1,1,0
848161,1,1,0
848142,1,1,0
848124,1,0,1
848106,1,1,0
847501,1,1,0
847472,1,1,0
847454,1,1,0
847433,1,1,0
847430,1,0,1
847413,1,1,0
847412,1,1,0
847340,1,1,0
847332,1,0,1
847295,1,0,1
847276,1,0,1
847258,1,1,0
847242,1,1,0
847125,1,0,1
846882,1,1,0
846609,1,0,1
846437,1,1,0
846430,1,1,0
846306,1,0,1
846118,1,0,1
846109,1,1,0
846008,1,0,1
845806,1,0,1
845757,1,1,0
845441,1,1,0
845410,1,1,0
845409,1,0,1
845407,1,1,0
845313,1,1,0
845229,1,1,0
845209,1,1,0
845113,1,1,0
845108,1,0,1
845001,1,1,0
844566,1,0,1
844516,1,1,0
844513,1,0,1
844429,1,1,0
844412,1,1,0
844340,1,1,0
844338,1,1,0
844318,1,0,1
844314,1,1,0
844311,1,1,0
844301,1,0,1
844236,1,1,0
844207,1,1,0
844144,1,1,0
844129,1,1,0
844110,1,1,0
844107,1,1,0
844054,1,1,0
843929,1,0,1
843720,1,0,1
843600,1,0,1
843553,1,0,1
843455,1,0,1
843303,1,0,1
843220,1,0,1
843202,1,1,0
843161,1,1,0
843154,1,1,0
843152,1,1,0
843139,1,1,0
843130,1,0,1
843066,1,0,1
843004,1,1,0
842904,1,0,1
842515,1,1,0
842365,1,0,1
842206,1,1,0
842141,1,0,1
842131,1,0,1
842108,1,0,1
842101,1,0,1
842008,1,1,0
842006,1,1,0
841776,1,1,0
841719,1,0,1
841707,1,1,0
841701,1,1,0
841611,1,1,0
841606,1,1,0
841500,1,1,0
841466,1,1,0
841449,1,1,0
841432,1,0,1
841304,1,0,1
841270,1,1,0
841261,1,1,0
841249,1,1,0
841246,1,0,1
841134,1,1,0
841131,1,1,0
841122,1,0,1
841113,1,0,1
841110,1,1,0
841002,1,1,0
840882,1,1,0
840605,1,0,1
840405,1,0,1
840102,1,0,1
840101,1,0,1
839219,1,1,0
839205,1,1,0
839006,1,0,1
838331,1,1,0
838325,1,1,0
838305,1,1,0
836302,1,0,1
836210,1,0,1
835827,1,1,0
835802,1,1,0
835410,1,1,0
835342,1,1,0
835313,1,1,0
835307,1,1,0
835279,1,1,0
835238,1,1,0
835237,1,1,0
835236,1,0,1
835105,1,0,1
835013,1,1,0
835009,1,0,1
834311,1,0,1
834232,1,0,1
834204,1,1,0
834025,1,1,0
833404,1,1,0
833227,1,1,0
833210,1,0,1
833208,1,0,1
833207,1,1,0
833134,1,1,0
833012,1,0,1
832701,1,1,0
832508,1,0,1
832316,1,1,0
832312,1,1,0
832220,1,1,0
832136,1,0,1
832117,1,0,1
832018,1,0,1
832007,1,0,1
832001,1,0,1
831312,1,1,0
831204,1,1,0
831037,1,1,0
830226,1,0,1
829803,1,0,1
829313,1,1,0
829214,1,1,0
829200,1,0,1
829152,1,0,1
829148,1,0,1
828436,1,0,1
828418,1,1,0
828313,1,0,1
828310,1,0,1
828232,1,1,0
828231,1,1,0
828107,1,1,0
828019,1,1,0
828005,1,0,1
827109,1,0,1
827008,1,0,1
826301,1,0,1
826008,1,1,0
825905,1,0,1
825823,1,1,0
825812,1,1,0
825767,1,1,0
825701,1,1,0
825613,1,0,1
825604,1,0,1
825515,1,1,0
825491,1,0,1
825424,1,1,0
825419,1,0,1
825415,1,1,0
825367,1,0,1
825355,1,1,0
825335,1,0,1
825327,1,1,0
825309,1,1,0
825308,1,0,1
825222,1,1,0
825220,1,1,0
825218,1,1,0
825213,1,0,1
825211,1,1,0
825141,1,0,1
825125,1,1,0
825116,1,1,0
825113,1,0,1
825110,1,1,0
824827,1,1,0
824701,1,1,0
824636,1,1,0
824403,1,0,1
824333,1,1,0
824323,1,0,1
824321,1,1,0
824312,1,0,1
824286,1,0,1
824283,1,1,0
824253,1,0,1
824226,1,1,0
824215,1,1,0
824204,1,1,0
824156,1,0,1
824142,1,1,0
824128,1,0,1
824109,1,1,0
824108,1,0,1
824105,1,1,0
824004,1,0,1
823802,1,0,1
823333,1,0,1
823331,1,1,0
823202,1,1,0
823201,1,0,1
823135,1,0,1
823116,1,1,0
823115,1,1,0
823104,1,1,0
823018,1,0,1
823014,1,0,1
822540,1,0,1
822323,1,1,0
822213,1,1,0
822207,1,1,0
822201,1,0,1
822152,1,0,1
822136,1,0,1
821918,1,1,0
821653,1,1,0
821314,1,1,0
821219,1,1,0
821204,1,1,0
821193,1,1,0
821132,1,1,0
821122,1,1,0
821118,1,1,0
821114,1,1,0
821007,1,0,1
820301,1,0,1
820211,1,0,1
820003,1,1,0
818456,1,1,0
818352,1,1,0
818316,1,1,0
818313,1,1,0
818227,1,0,1
818208,1,1,0
818116,1,0,1
818114,1,1,0
816808,1,0,1
816219,1,1,0
816126,1,1,0
816122,1,0,1
816114,1,1,0
815418,1,1,0
815356,1,1,0
815308,1,0,1
815252,1,1,0
815167,1,0,1
815154,1,0,1
815153,1,1,0
815122,1,1,0
814754,1,1,0
814646,1,0,1
814402,1,1,0
814221,1,1,0
814187,1,1,0
814185,1,1,0
814181,1,1,0
814164,1,1,0
814161,1,1,0
814130,1,0,1
813501,1,1,0
813216,1,1,0
813141,1,1,0
813002,1,1,0
812206,1,1,0
812112,1,1,0
812102,1,1,0
812007,1,1,0
811812,1,0,1
811617,1,1,0
811347,1,0,1
811261,1,1,0
811215,1,1,0
811120,1,1,0
811109,1,1,0
811002,1,0,1
809207,1,0,1
808440,1,0,1
808307,1,1,0
808119,1,0,1
808103,1,0,1
808102,1,1,0
807401,1,1,0
807013,1,0,1
806117,1,0,1
806107,1,1,0
806106,1,1,0
806105,1,1,0
806102,1,1,0
805802,1,1,0
805407,1,1,0
805317,1,0,1
805265,1,1,0
805235,1,1,0
805201,1,1,0
805176,1,0,1
805168,1,1,0
805165,1,0,1
805157,1,0,1
805143,1,0,1
805134,1,1,0
804503,1,1,0
804431,1,0,1
804415,1,0,1
804414,1,1,0
804335,1,0,1
804233,1,1,0
804206,1,1,0
804127,1,0,1
804103,1,1,0
804101,1,1,0
803215,1,0,1
803210,1,1,0
803207,1,1,0
803130,1,1,0
803106,1,0,1
803103,1,0,1
803003,1,0,1
802912,1,0,1
802804,1,1,0
802526,1,1,0
802515,1,0,1
802363,1,1,0
802317,1,1,0
802303,1,0,1
802260,1,1,0
802259,1,1,0
802252,1,0,1
802237,1,1,0
802233,1,1,0
802231,1,1,0
802182,1,1,0
802170,1,1,0
802153,1,1,0
802140,1,1,0
802138,1,0,1
802137,1,1,0
802110,1,0,1
802105,1,0,1
802054,1,1,0
801921,1,0,1
801632,1,0,1
801595,1,0,1
801259,1,1,0
801224,1,0,1
801209,1,1,0
801107,1,1,0
801101,1,1,0
801009,1,1,0
800503,1,1,0
800502,1,0,1
800321,1,0,1
800301,1,1,0
800223,1,1,0
800218,1,0,1
800207,1,1,0
800203,1,1,0
800106,1,1,0
800022,1,1,0
799928,1,1,0
799927,1,1,0
799772,1,1,0
799734,1,0,1
799613,1,1,0
799458,1,0,1
799447,1,1,0
799312,1,1,0
799274,1,1,0
799272,1,1,0
799255,1,1,0
799252,1,1,0
799182,1,1,0
799152,1,1,0
799148,1,1,0
799113,1,1,0
799109,1,1,0
799021,1,0,1
798926,1,1,0
798911,1,1,0
798661,1,1,0
798619,1,1,0
798122,1,1,0
797471,1,1,0
797410,1,1,0
797123,1,0,1
797121,1,0,1
797100,1,1,0
797018,1,1,0
797005,1,1,0
796991,1,1,0
796791,1,1,0
796731,1,1,0
796700,1,1,0
796647,1,1,0
796443,1,0,1
796331,1,1,0
796301,1,1,0
796262,1,0,1
796134,1,0,1
796131,1,1,0
796128,1,0,1
796126,1,0,1
796112,1,1,0
796041,1,1,0
796004,1,1,0
795703,1,0,1
795614,1,1,0
795417,1,1,0
795302,1,1,0
795213,1,1,0
795194,1,1,0
795182,1,0,1
795172,1,1,0
795013,1,0,1
795000,1,0,1
794505,1,0,1
794147,1,1,0
794021,1,1,0
794015,1,1,0
794013,1,1,0
794006,1,1,0
793922,1,0,1
793601,1,0,1
793319,1,0,1
793144,1,0,1
793129,1,1,0
793011,1,1,0
792132,1,1,0
792061,1,1,0
792005,1,1,0
791528,1,1,0
791409,1,1,0
791320,1,1,0
791205,1,1,0
791203,1,1,0
791147,1,1,0
791117,1,0,1
791103,1,1,0
790562,1,0,1
790000,1,0,1
789827,1,1,0
789625,1,1,0
789510,1,1,0
789490,1,1,0
789155,1,0,1
788899,1,1,0
788823,1,0,1
788810,1,0,1
788708,1,1,0
788521,1,1,0
788445,1,0,1
788188,1,0,1
788185,1,0,1
788154,1,0,1
788131,1,1,0
788125,1,0,1
788083,1,0,1
787610,1,0,1
787441,1,1,0
787181,1,1,0
787132,1,1,0
787081,1,1,0
787037,1,0,1
787028,1,1,0
786891,1,1,0
786771,1,1,0
786551,1,1,0
786520,1,1,0
786514,1,1,0
786511,1,1,0
786335,1,0,1
786134,1,0,1
786102,1,1,0
786021,1,1,0
785863,1,1,0
785775,1,0,1
785679,1,1,0
785678,1,1,0
785623,1,1,0
785605,1,0,1
785551,1,1,0
785424,1,0,1
785421,1,1,0
785406,1,1,0
785405,1,1,0
785403,1,1,0
785360,1,1,0
785145,1,1,0
785114,1,1,0
785103,1,1,0
785075,1,1,0
785013,1,1,0
785003,1,1,0
784592,1,1,0
784512,1,1,0
784211,1,1,0
784152,1,1,0
784137,1,1,0
784129,1,1,0
784054,1,1,0
784012,1,0,1
783636,1,1,0
783343,1,0,1
783341,1,1,0
783338,1,1,0
783327,1,0,1
783249,1,0,1
783112,1,0,1
783102,1,0,1
782780,1,1,0
782724,1,1,0
782615,1,1,0
782560,1,0,1
782456,1,0,1
782424,1,1,0
782420,1,0,1
782131,1,0,1
782130,1,1,0
782110,1,1,0
782015,1,1,0
782013,1,1,0
781517,1,1,0
781485,1,1,0
781460,1,0,1
781431,1,0,1
781384,1,0,1
781357,1,1,0
781219,1,1,0
781213,1,1,0
780306,1,0,1
780015,1,0,1
778248,1,1,0
768830,1,1,0
767055,1,1,0
765103,1,0,1
765101,1,1,0
763015,1,0,1
759615,1,0,1
759131,1,1,0
759115,1,0,1
757057,1,1,0
755603,1,1,0
755205,1,1,0
755138,1,1,0
754236,1,1,0
754123,1,1,0
753102,1,1,0
752952,1,0,1
751305,1,1,0
749109,1,0,1
748010,1,1,0
747662,1,0,1
747001,1,0,1
744203,1,1,0
744109,1,1,0
744041,1,1,0
743885,1,0,1
743770,1,1,0
742115,1,1,0
742010,1,1,0
741525,1,1,0
741515,1,1,0
740125,1,1,0
739119,1,0,1
739114,1,1,0
739105,1,1,0
737196,1,1,0
737143,1,1,0
737119,1,1,0
737114,1,0,1
732104,1,1,0
731706,1,1,0
731537,1,1,0
731238,1,1,0
731125,1,1,0
730203,1,1,0
727113,1,0,1
726301,1,1,0
725016,1,1,0
723302,1,1,0
722203,1,0,1
721202,1,0,1
717906,1,1,0
715941,1,1,0
714105,1,1,0
712402,1,1,0
710401,1,1,0
709514,1,1,0
707301,1,1,0
707108,1,1,0
707107,1,1,0
707026,1,1,0
705402,1,0,1
705401,1,1,0
703120,1,0,1
703102,1,0,1
703014,1,1,0
702402,1,1,0
701901,1,1,0
701374,1,1,0
698624,1,1,0
698598,1,0,1
696693,1,0,1
696691,1,0,1
696301,1,1,0
695570,1,0,1
695544,1,1,0
695516,1,1,0
695510,1,1,0
695509,1,0,1
695315,1,0,1
695314,1,0,1
695130,1,0,1
695073,1,0,1
695040,1,0,1
691628,1,0,1
691588,1,1,0
691558,1,0,1
691548,1,1,0
691546,1,0,1
691539,1,0,1
691518,1,1,0
691330,1,1,0
691329,1,1,0
691327,1,1,0
691320,1,1,0
691319,1,1,0
691155,1,0,1
691017,1,1,0
690616,1,1,0
690569,1,1,0
690567,1,0,1
690565,1,1,0
690564,1,1,0
690560,1,1,0
690550,1,1,0
689682,1,1,0
689680,1,1,0
689633,1,1,0
689598,1,1,0
689596,1,1,0
689578,1,1,0
689562,1,0,1
689520,1,1,0
689517,1,0,1
689183,1,0,1
689111,1,0,1
688586,1,0,1
688567,1,1,0
688566,1,1,0
688554,1,1,0
688550,1,1,0
688549,1,1,0
688544,1,1,0
688542,1,0,1
688515,1,0,1
688507,1,1,0
688014,1,1,0
686881,1,1,0
686707,1,0,1
686689,1,1,0
686638,1,1,0
686596,1,1,0
686590,1,1,0
686525,1,0,1
686440,1,1,0
686142,1,1,0
686041,1,1,0
686034,1,1,0
686033,1,1,0
686031,1,1,0
686030,1,1,0
686028,1,1,0
686002,1,0,1
685592,1,1,0
685569,1,1,0
685564,1,1,0
685538,1,0,1
685537,1,1,0
685536,1,0,1
685520,1,1,0
685513,1,1,0
685506,1,0,1
685504,1,1,0
685311,1,0,1
685014,1,0,1
684661,1,1,0
683591,1,0,1
683586,1,1,0
683554,1,0,1
683504,1,1,0
683107,1,0,1
683103,1,1,0
682510,1,1,0
682320,1,1,0
682302,1,0,1
682041,1,1,0
682039,1,0,1
682036,1,1,0
681526,1,1,0
680735,1,0,1
680695,1,0,1
680693,1,0,1
680673,1,1,0
680672,1,0,1
680656,1,0,1
680610,1,0,1
680608,1,1,0
680595,1,1,0
680546,1,1,0
680504,1,1,0
680323,1,1,0
680316,1,0,1
680313,1,1,0
680022,1,0,1
680021,1,1,0
679540,1,1,0
679314,1,1,0
679312,1,1,0
678661,1,1,0
678634,1,1,0
678625,1,0,1
678615,1,1,0
678605,1,0,1
678589,1,1,0
678587,1,1,0
678533,1,1,0
678532,1,1,0
678512,1,1,0
678511,1,1,0
678509,1,1,0
678015,1,0,1
678010,1,1,0
676555,1,1,0
676554,1,0,1
676342,1,0,1
676315,1,1,0
676314,1,1,0
676308,1,0,1
676127,1,1,0
675903,1,1,0
674542,1,0,1
674124,1,0,1
673618,1,1,0
673584,1,1,0
673583,1,0,1
673570,1,1,0
673512,1,1,0
673330,1,1,0
673124,1,0,1
673109,1,1,0
673108,1,0,1
673025,1,0,1
672106,1,1,0
671555,1,0,1
671545,1,1,0
671544,1,1,0
671522,1,1,0
671511,1,1,0
671357,1,1,0
671350,1,1,0
671342,1,1,0
670652,1,0,1
670614,1,1,0
670597,1,1,0
670565,1,1,0
670531,1,1,0
670522,1,1,0
670503,1,1,0
670339,1,1,0
670337,1,0,1
670317,1,1,0
670111,1,1,0
670017,1,1,0
666701,1,0,1
666665,1,1,0
666602,1,1,0
660330,1,1,0
656840,1,1,0
654564,1,0,1
654544,1,1,0
654025,1,0,1
652415,1,1,0
651661,1,1,0
650211,1,0,1
650082,1,1,0
647671,1,1,0
645223,1,1,0
644701,1,1,0
642133,1,1,0
640330,1,1,0
631710,1,0,1
630202,1,0,1
626126,1,1,0
625648,1,1,0
621425,1,0,1
621424,1,1,0
620122,1,0,1
613101,1,1,0
609867,1,1,0
609702,1,1,0
606701,1,1,0
605901,1,1,0
605701,1,0,1
605108,1,1,0
603602,1,1,0
603301,1,1,0
602101,1,1,0
602001,1,1,0
601778,1,1,0
601702,1,1,0
601701,1,1,0
601250,1,0,1
601212,1,0,1
601201,1,0,1
601101,1,1,0
600802,1,1,0
600502,1,0,1
598551,1,0,1
595302,1,1,0
595104,1,1,0
593209,1,1,0
592011,1,1,0
591341,1,1,0
591339,1,1,0
591325,1,1,0
591322,1,1,0
591314,1,0,1
591297,1,1,0
591289,1,0,1
591282,1,1,0
591266,1,1,0
591262,1,1,0
591259,1,1,0
591210,1,0,1
591155,1,1,0
591134,1,0,1
590030,1,1,0
590013,1,1,0
590012,1,0,1
589102,1,0,1
588561,1,1,0
587458,1,0,1
587317,1,1,0
586309,1,1,0
586231,1,1,0
586230,1,1,0
586229,1,1,0
586224,1,1,0
586164,1,0,1
586151,1,1,0
586148,1,1,0
586142,1,0,1
586105,1,0,1
585422,1,1,0
585408,1,0,1
585404,1,0,1
585362,1,1,0
585347,1,1,0
585342,1,0,1
585280,1,1,0
585250,1,0,1
585239,1,1,0
585238,1,0,1
585234,1,0,1
585203,1,1,0
585141,1,0,1
585139,1,1,0
585135,1,1,0
585126,1,0,1
585123,1,0,1
585116,1,1,0
585113,1,1,0
585108,1,1,0
585042,1,0,1
584380,1,1,0
584332,1,1,0
584312,1,1,0
584311,1,0,1
584310,1,0,1
584148,1,1,0
584147,1,1,0
584142,1,1,0
584117,1,0,1
584013,1,1,0
583941,1,1,0
583837,1,1,0
583778,1,1,0
583298,1,0,1
583275,1,0,1
583273,1,1,0
583272,1,1,0
583266,1,0,1
583215,1,1,0
583182,1,1,0
583153,1,0,1
583133,1,0,1
583026,1,1,0
583010,1,0,1
582911,1,1,0
582282,1,1,0
582236,1,1,0
582230,1,1,0
582221,1,1,0
582218,1,0,1
582217,1,1,0
582216,1,1,0
582214,1,1,0
582213,1,1,0
582147,1,1,0
582143,1,1,0
582136,1,1,0
582110,1,1,0
582104,1,1,0
582001,1,0,1
581447,1,1,0
581442,1,1,0
581439,1,0,1
581431,1,1,0
581428,1,0,1
581413,1,1,0
581374,1,1,0
581367,1,1,0
581312,1,0,1
581229,1,1,0
581182,1,1,0
581158,1,1,0
581154,1,1,0
581153,1,0,1
581132,1,1,0
581127,1,1,0
580551,1,1,0
580401,1,1,0
580305,1,0,1
580144,1,1,0
580115,1,0,1
580105,1,0,1
580101,1,0,1
580010,1,1,0
580000,1,0,1
577744,1,1,0
577646,1,1,0
577578,1,1,0
577559,1,1,0
577505,1,1,0
577420,1,1,0
577238,1,0,1
577170,1,1,0
577167,1,1,0
577165,1,1,0
577163,1,1,0
577151,1,1,0
576128,1,1,0
575859,1,0,1
575305,1,1,0
575009,1,1,0
574280,1,1,0
574275,1,1,0
574266,1,1,0
574245,1,1,0
574164,1,1,0
574162,1,1,0
574120,1,1,0
573912,1,1,0
573613,1,1,0
573430,1,1,0
573414,1,1,0
573223,1,1,0
573221,1,1,0
573200,1,1,0
573168,1,1,0
572818,1,1,0
572741,1,1,0
572163,1,1,0
572100,1,1,0
571710,1,1,0
571525,1,1,0
571502,1,0,1
571501,1,1,0
571487,1,0,1
571411,1,1,0
571409,1,0,1
571319,1,1,0
571260,1,1,0
571257,1,1,0
571255,1,0,1
571233,1,0,1
571186,1,1,0
571182,1,1,0
571136,1,1,0
571009,1,1,0
570452,1,0,1
570301,1,1,0
570130,1,0,1
570030,1,1,0
570027,1,1,0
569854,1,0,1
568569,1,0,1
566001,1,0,1
565693,1,0,1
565687,1,1,0
565255,1,0,1
565125,1,1,0
564669,1,0,1
564654,1,0,1
564025,1,1,0
563512,1,0,1
563254,1,1,0
563212,1,1,0
563203,1,0,1
563166,1,1,0
563152,1,1,0
562201,1,1,0
562167,1,1,0
562158,1,1,0
562156,1,1,0
562148,1,1,0
562010,1,0,1
561402,1,0,1
561343,1,1,0
561263,1,0,1
561257,1,1,0
561224,1,0,1
561124,1,0,1
560760,1,0,1
560551,1,1,0
560186,1,0,1
560149,1,0,1
560141,1,0,1
560130,1,0,1
560123,1,1,0
560101,1,1,0
560044,1,0,1
558303,1,0,1
557213,1,1,0
556324,1,0,1
555555,1,0,1
555317,1,1,0
554545,1,1,0
554542,1,0,1
553454,1,1,0
551221,1,0,1
548220,1,1,0
548124,1,1,0
548123,1,1,0
548120,1,0,1
548102,1,1,0
547114,1,1,0
546454,1,0,1
545774,1,1,0
545465,1,0,1
545455,1,1,0
545454,1,0,1
545422,1,1,0
545418,1,1,0
545411,1,1,0
545345,1,1,0
545302,1,1,0
545301,1,1,0
544645,1,0,1
544552,1,1,0
544339,1,1,0
544128,1,0,1
544116,1,1,0
543315,1,1,0
543219,1,1,0
543218,1,1,0
543211,1,1,0
542654,1,1,0
542363,1,0,1
542114,1,1,0
541452,1,0,1
541440,1,0,1
541225,1,1,0
541221,1,0,1
537122,1,0,1
536129,1,1,0
535815,1,1,0
535325,1,1,0
535214,1,1,0
535203,1,1,0
533231,1,1,0
533125,1,1,0
532121,1,0,1
528807,1,1,0
526544,1,0,1
526416,1,0,1
526365,1,0,1
526325,1,0,1
525456,1,0,1
525402,1,0,1
525319,1,1,0
525311,1,1,0
525302,1,1,0
525287,1,1,0
525263,1,1,0
525225,1,0,1
525217,1,1,0
525167,1,1,0
525104,1,1,0
525102,1,1,0
524201,1,1,0
523614,1,0,1
523201,1,1,0
522538,1,1,0
522113,1,0,1
521545,1,0,1
521231,1,1,0
521111,1,1,0
521001,1,0,1
519201,1,1,0
515315,1,1,0
515311,1,1,0
514141,1,1,0
514101,1,1,0
513646,1,1,0
513601,1,1,0
512127,1,1,0
507101,1,0,1
506802,1,1,0
506102,1,0,1
505901,1,1,0
505401,1,0,1
505301,1,1,0
504201,1,1,0
502158,1,0,1
502101,1,0,1
501105,1,1,0
501002,1,1,0
497777,1,1,0
497711,1,1,0
497553,1,1,0
497550,1,1,0
497236,1,1,0
497219,1,0,1
497011,1,0,1
497007,1,0,1
496656,1,1,0
496636,1,1,0
496555,1,1,0
496465,1,1,0
496425,1,1,0
496381,1,1,0
496366,1,1,0
496222,1,1,0
496221,1,0,1
496108,1,0,1
496051,1,1,0
496005,1,1,0
495977,1,0,1
495777,1,1,0
495685,1,1,0
495680,1,1,0
495679,1,1,0
495673,1,1,0
495647,1,0,1
495644,1,1,0
495558,1,1,0
495549,1,0,1
495467,1,0,1
495332,1,1,0
495225,1,0,1
495123,1,0,1
495114,1,1,0
495111,1,0,1
495110,1,1,0
495010,1,0,1
495007,1,0,1
495005,1,0,1
494970,1,1,0
494766,1,1,0
494572,1,1,0
494555,1,1,0
494454,1,1,0
494365,1,1,0
494339,1,1,0
494211,1,1,0
494206,1,1,0
493772,1,1,0
493762,1,1,0
493668,1,0,1
493528,1,0,1
493499,1,1,0
493443,1,0,1
493358,1,0,1
493349,1,1,0
493328,1,1,0
493322,1,0,1
493231,1,0,1
493115,1,0,1
493015,1,1,0
493006,1,0,1
493002,1,0,1
492552,1,1,0
492337,1,0,1
492321,1,0,1
492123,1,1,0
492121,1,1,0
492116,1,0,1
492100,1,1,0
492056,1,0,1
492025,1,0,1
492018,1,1,0
491999,1,1,0
491886,1,1,0
491655,1,1,0
491552,1,1,0
491551,1,1,0
491533,1,1,0
491475,1,1,0
491447,1,1,0
491395,1,0,1
491339,1,1,0
491220,1,1,0
491216,1,0,1
491135,1,1,0
491126,1,1,0
491113,1,0,1
491023,1,0,1
491006,1,0,1
490209,1,1,0
490115,1,1,0
490002,1,0,1
489585,1,0,1
489511,1,0,1
489445,1,1,0
489001,1,0,1
488889,1,1,0
488722,1,1,0
488660,1,1,0
488486,1,1,0
488466,1,0,1
488440,1,1,0
488433,1,0,1
488401,1,1,0
488224,1,1,0
488200,1,1,0
488052,1,1,0
488046,1,0,1
488020,1,1,0
488004,1,0,1
487886,1,1,0
487880,1,1,0
487773,1,1,0
487771,1,1,0
487755,1,1,0
487702,1,1,0
487675,1,0,1
487552,1,1,0
487511,1,0,1
487401,1,1,0
487331,1,1,0
487210,1,1,0
487141,1,1,0
487117,1,1,0
487112,1,0,1
487081,1,1,0
487070,1,1,0
487010,1,1,0
486934,1,1,0
486898,1,1,0
486778,1,1,0
486770,1,0,1
486686,1,1,0
486682,1,0,1
486681,1,1,0
486676,1,1,0
486660,1,0,1
486622,1,1,0
486610,1,0,1
486601,1,1,0
486501,1,1,0
486477,1,1,0
486471,1,1,0
486470,1,1,0
486444,1,1,0
486443,1,1,0
486431,1,0,1
486423,1,0,1
486361,1,1,0
486345,1,0,1
486328,1,1,0
486315,1,1,0
486304,1,1,0
486236,1,1,0
486235,1,0,1
486227,1,0,1
486222,1,1,0
486221,1,1,0
486125,1,1,0
486121,1,0,1
486116,1,1,0
486064,1,0,1
486051,1,1,0
486044,1,1,0
486022,1,0,1
486015,1,1,0
486000,1,1,0
485776,1,0,1
485756,1,0,1
485755,1,1,0
485701,1,1,0
485665,1,1,0
485554,1,1,0
485552,1,1,0
485526,1,1,0
485501,1,1,0
485477,1,1,0
485444,1,1,0
485414,1,0,1
485333,1,1,0
485301,1,0,1
485177,1,0,1
485011,1,0,1
485007,1,1,0
485003,1,0,1
485000,1,0,1
484995,1,1,0
484969,1,1,0
484874,1,0,1
484851,1,1,0
484836,1,1,0
484764,1,0,1
484745,1,0,1
484744,1,1,0
484711,1,1,0
484666,1,1,0
484615,1,1,0
484605,1,1,0
484599,1,0,1
484581,1,1,0
484500,1,1,0
484481,1,1,0
484447,1,1,0
484441,1,0,1
484300,1,0,1
484284,1,1,0
484228,1,1,0
484222,1,0,1
484115,1,0,1
483888,1,0,1
483842,1,1,0
483779,1,1,0
483774,1,0,1
483553,1,1,0
483551,1,0,1
483536,1,0,1
483532,1,0,1
483464,1,0,1
483444,1,1,0
483433,1,1,0
483335,1,1,0
483333,1,1,0
483233,1,1,0
483232,1,1,0
483229,1,1,0
483213,1,1,0
483199,1,0,1
483103,1,1,0
483003,1,0,1
482913,1,1,0
482672,1,1,0
482435,1,0,1
482339,1,1,0
482330,1,1,0
482226,1,0,1
482225,1,1,0
482201,1,0,1
482200,1,0,1
482121,1,1,0
482119,1,1,0
482007,1,0,1
481997,1,1,0
481991,1,1,0
481889,1,0,1
481862,1,1,0
481786,1,1,0
481777,1,1,0
481682,1,0,1
481667,1,1,0
481618,1,1,0
481588,1,1,0
481566,1,1,0
481558,1,0,1
481515,1,1,0
481511,1,1,0
481488,1,0,1
481455,1,0,1
481446,1,1,0
481307,1,1,0
481228,1,0,1
481221,1,1,0
481202,1,1,0
481146,1,1,0
481122,1,1,0
481032,1,1,0
480993,1,1,0
480987,1,1,0
480889,1,1,0
480789,1,1,0
480668,1,1,0
480666,1,1,0
480660,1,1,0
480633,1,1,0
480599,1,1,0
480558,1,0,1
480467,1,1,0
480340,1,1,0
480254,1,1,0
480233,1,1,0
480220,1,1,0
480133,1,1,0
480114,1,0,1
480102,1,1,0
480059,1,1,0
480053,1,0,1
480048,1,1,0
480031,1,1,0
480022,1,1,0
480015,1,1,0
480005,1,1,0
480003,1,0,1
477777,1,1,0
477770,1,1,0
477666,1,1,0
477664,1,0,1
477633,1,0,1
477593,1,0,1
477443,1,1,0
477416,1,1,0
477406,1,1,0
477338,1,1,0
477336,1,1,0
477334,1,1,0
477277,1,1,0
477270,1,1,0
477226,1,0,1
477202,1,1,0
477177,1,0,1
477166,1,1,0
477011,1,0,1
477003,1,0,1
476633,1,1,0
476555,1,1,0
476428,1,0,1
476347,1,1,0
476333,1,1,0
476225,1,0,1
476206,1,1,0
476201,1,1,0
475801,1,0,1
475771,1,1,0
475695,1,1,0
475676,1,0,1
475674,1,0,1
475670,1,0,1
475622,1,0,1
475571,1,1,0
475542,1,0,1
475337,1,1,0
475333,1,1,0
475222,1,1,0
475210,1,0,1
475116,1,1,0
475041,1,1,0
475020,1,0,1
475010,1,1,0
475007,1,1,0
474802,1,1,0
474770,1,1,0
474729,1,1,0
474661,1,0,1
474555,1,1,0
474501,1,1,0
474441,1,1,0
474355,1,1,0
474326,1,0,1
474220,1,1,0
474028,1,0,1
474021,1,1,0
474017,1,0,1
474000,1,1,0
473982,1,1,0
473950,1,1,0
473800,1,0,1
473795,1,1,0
473738,1,1,0
473685,1,1,0
473677,1,0,1
473666,1,1,0
473661,1,1,0
473652,1,0,1
473575,1,0,1
473560,1,1,0
473558,1,1,0
473557,1,1,0
473511,1,1,0
473481,1,1,0
473466,1,1,0
473447,1,1,0
473441,1,0,1
473433,1,1,0
473375,1,0,1
473334,1,0,1
473320,1,1,0
473303,1,1,0
473220,1,1,0
473218,1,0,1
473211,1,1,0
473181,1,1,0
473122,1,1,0
473108,1,1,0
473007,1,1,0
472781,1,1,0
472626,1,1,0
472570,1,1,0
472551,1,0,1
472548,1,0,1
472426,1,0,1
472332,1,1,0
472212,1,0,1
472200,1,1,0
472114,1,0,1
472110,1,1,0
472108,1,0,1
472105,1,1,0
472026,1,1,0
472003,1,1,0
471726,1,1,0
471712,1,1,0
471661,1,1,0
471626,1,1,0
471621,1,0,1
471615,1,1,0
471325,1,0,1
471308,1,1,0
471304,1,1,0
471302,1,1,0
471200,1,0,1
471118,1,1,0
471116,1,1,0
471068,1,1,0
471020,1,1,0
471015,1,1,0
471008,1,1,0
470676,1,0,1
470665,1,0,1
470510,1,1,0
470439,1,1,0
470420,1,1,0
470355,1,1,0
470310,1,1,0
470254,1,1,0
470240,1,1,0
470224,1,1,0
470132,1,0,1
470127,1,1,0
470124,1,0,1
470042,1,0,1
470039,1,0,1
470033,1,0,1
470032,1,1,0
470025,1,1,0
470018,1,1,0
470017,1,1,0
470006,1,0,1
470005,1,0,1
469993,1,1,0
469697,1,0,1
469679,1,1,0
469625,1,0,1
468986,1,1,0
468881,1,1,0
468864,1,1,0
468686,1,0,1
468649,1,1,0
468562,1,0,1
468335,1,1,0
468331,1,1,0
468111,1,1,0
467701,1,1,0
467628,1,0,1
467447,1,1,0
466931,1,1,0
466881,1,0,1
466771,1,0,1
466716,1,0,1
466691,1,0,1
466657,1,1,0
466623,1,1,0
466612,1,0,1
466604,1,1,0
466600,1,0,1
466551,1,0,1
466491,1,1,0
466447,1,1,0
466433,1,1,0
466341,1,1,0
466246,1,1,0
466231,1,1,0
466213,1,1,0
466190,1,0,1
466146,1,0,1
466126,1,1,0
466124,1,0,1
466123,1,1,0
466121,1,1,0
466110,1,0,1
466107,1,0,1
466105,1,0,1
466003,1,1,0
465986,1,0,1
465877,1,0,1
465778,1,0,1
465714,1,1,0
465713,1,1,0
465694,1,0,1
465692,1,1,0
465686,1,1,0
465681,1,0,1
465670,1,1,0
465666,1,1,0
465651,1,1,0
465644,1,0,1
465611,1,0,1
465597,1,0,1
465583,1,0,1
465552,1,0,1
465547,1,1,0
465545,1,0,1
465540,1,1,0
465489,1,0,1
465472,1,1,0
465443,1,1,0
465421,1,1,0
465377,1,0,1
465277,1,0,1
465224,1,1,0
465206,1,0,1
465128,1,0,1
465114,1,0,1
465100,1,1,0
465007,1,0,1
465002,1,0,1
464995,1,0,1
464968,1,1,0
464951,1,1,0
464891,1,1,0
464883,1,1,0
464856,1,1,0
464811,1,1,0
464779,1,0,1
464778,1,1,0
464771,1,1,0
464744,1,1,0
464679,1,0,1
464678,1,1,0
464674,1,1,0
464667,1,0,1
464666,1,0,1
464654,1,0,1
464648,1,1,0
464632,1,1,0
464611,1,1,0
464587,1,0,1
464571,1,1,0
464500,1,0,1
464447,1,0,1
464446,1,1,0
464441,1,0,1
464393,1,1,0
464332,1,1,0
464328,1,0,1
464237,1,0,1
464227,1,1,0
464213,1,1,0
464119,1,1,0
464116,1,1,0
464064,1,0,1
464023,1,1,0
463430,1,1,0
463301,1,1,0
463190,1,1,0
463131,1,1,0
463120,1,1,0
462812,1,0,1
462447,1,1,0
462406,1,0,1
462361,1,0,1
462343,1,0,1
462331,1,1,0
462258,1,1,0
462246,1,1,0
462238,1,1,0
462229,1,1,0
462221,1,1,0
462211,1,0,1
462201,1,0,1
462123,1,0,1
462048,1,0,1
462029,1,0,1
462025,1,1,0
462019,1,0,1
462015,1,1,0
462014,1,0,1
462012,1,0,1
461920,1,0,1
461885,1,1,0
461672,1,1,0
461667,1,1,0
461666,1,1,0
461555,1,1,0
461414,1,1,0
461355,1,1,0
461334,1,1,0
461330,1,1,0
461291,1,1,0
461288,1,0,1
461234,1,0,1
461222,1,0,1
460311,1,0,1
460300,1,1,0
460231,1,1,0
460116,1,0,1
460064,1,0,1
460051,1,1,0
460044,1,0,1
460043,1,1,0
458999,1,1,0
458995,1,1,0
458992,1,0,1
458989,1,1,0
458949,1,0,1
458896,1,1,0
458893,1,1,0
458884,1,0,1
458866,1,0,1
458859,1,0,1
458857,1,0,1
458809,1,1,0
458774,1,0,1
458773,1,0,1
458755,1,0,1
458745,1,1,0
458668,1,1,0
458641,1,0,1
458563,1,1,0
458521,1,1,0
458460,1,1,0
458448,1,0,1
458410,1,1,0
458338,1,1,0
458331,1,1,0
458227,1,1,0
458117,1,0,1
457896,1,1,0
457867,1,1,0
457790,1,1,0
457774,1,0,1
457766,1,1,0
457761,1,1,0
457669,1,1,0
457666,1,1,0
457664,1,1,0
457553,1,0,1
457442,1,0,1
457349,1,1,0
457341,1,0,1
457276,1,1,0
457221,1,1,0
457115,1,1,0
457112,1,0,1
457110,1,0,1
456899,1,1,0
456889,1,1,0
456883,1,1,0
456854,1,0,1
456793,1,1,0
456789,1,1,0
456765,1,1,0
456721,1,0,1
456674,1,0,1
456633,1,0,1
456601,1,0,1
456560,1,0,1
456556,1,1,0
456547,1,0,1
456521,1,0,1
456514,1,1,0
456454,1,1,0
456447,1,0,1
456446,1,1,0
456445,1,0,1
456430,1,0,1
456400,1,1,0
456365,1,1,0
456336,1,0,1
456327,1,1,0
456302,1,0,1
456237,1,0,1
456201,1,0,1
456155,1,0,1
456131,1,1,0
456118,1,1,0
456110,1,0,1
456005,1,0,1
456002,1,0,1
456000,1,0,1
455889,1,0,1
455773,1,0,1
455772,1,0,1
455755,1,1,0
455751,1,1,0
455697,1,0,1
455687,1,0,1
455683,1,0,1
455674,1,1,0
455560,1,0,1
455532,1,0,1
455500,1,1,0
455474,1,0,1
455467,1,1,0
455454,1,0,1
455419,1,1,0
455405,1,1,0
455401,1,1,0
455335,1,1,0
455319,1,1,0
455308,1,1,0
455277,1,1,0
455226,1,0,1
455222,1,0,1
455123,1,0,1
455122,1,0,1
455114,1,0,1
454799,1,1,0
454779,1,0,1
454776,1,1,0
454771,1,0,1
454745,1,0,1
454730,1,1,0
454669,1,1,0
454664,1,1,0
454663,1,1,0
454654,1,0,1
454651,1,1,0
454623,1,1,0
454564,1,0,1
454562,1,1,0
454560,1,0,1
454554,1,1,0
454550,1,1,0
454546,1,1,0
454544,1,1,0
454540,1,1,0
454524,1,1,0
454520,1,1,0
454511,1,1,0
454462,1,1,0
454456,1,1,0
454452,1,1,0
454448,1,0,1
454445,1,1,0
454443,1,0,1
454421,1,0,1
454411,1,1,0
454401,1,1,0
454400,1,1,0
454363,1,1,0
454355,1,1,0
454339,1,1,0
454322,1,1,0
454311,1,0,1
454301,1,1,0
454258,1,1,0
454222,1,1,0
454216,1,1,0
454204,1,1,0
454114,1,1,0
454040,1,1,0
454029,1,1,0
454012,1,1,0
453777,1,0,1
453643,1,1,0
453463,1,0,1
453453,1,0,1
453391,1,0,1
453341,1,1,0
453321,1,0,1
453221,1,0,1
453213,1,1,0
453116,1,1,0
453015,1,0,1
453003,1,1,0
453002,1,1,0
452661,1,1,0
452660,1,1,0
452635,1,0,1
452526,1,1,0
452362,1,0,1
452336,1,1,0
452321,1,1,0
452312,1,0,1
452301,1,0,1
452220,1,0,1
452212,1,0,1
452201,1,1,0
452200,1,0,1
452133,1,1,0
452130,1,0,1
452122,1,0,1
452110,1,1,0
452104,1,1,0
452103,1,0,1
452055,1,0,1
452045,1,0,1
452019,1,0,1
451880,1,1,0
451861,1,1,0
451771,1,0,1
451663,1,1,0
451620,1,1,0
451611,1,1,0
451566,1,1,0
451559,1,0,1
451557,1,1,0
451545,1,1,0
451542,1,0,1
451524,1,0,1
451521,1,0,1
451518,1,0,1
451517,1,1,0
451511,1,1,0
451507,1,1,0
451466,1,1,0
451453,1,0,1
451432,1,1,0
451405,1,0,1
451334,1,1,0
451333,1,1,0
451321,1,1,0
451254,1,1,0
451251,1,1,0
451226,1,0,1
451210,1,0,1
451205,1,0,1
451166,1,1,0
451133,1,1,0
451131,1,1,0
451120,1,0,1
451116,1,1,0
451114,1,0,1
451020,1,1,0
451015,1,0,1
451006,1,0,1
450999,1,1,0
450995,1,1,0
450882,1,1,0
450557,1,1,0
450491,1,0,1
450448,1,1,0
450343,1,0,1
450321,1,1,0
450190,1,1,0
450177,1,1,0
450170,1,1,0
450131,1,1,0
450122,1,0,1
450121,1,0,1
450113,1,1,0
450021,1,1,0
450020,1,0,1
450017,1,1,0
450013,1,1,0
450012,1,1,0
450006,1,1,0
450005,1,0,1
450000,1,1,0
449401,1,1,0
449290,1,1,0
448822,1,1,0
448771,1,1,0
448667,1,0,1
448622,1,0,1
448559,1,1,0
448532,1,0,1
448477,1,1,0
448448,1,1,0
448446,1,1,0
448226,1,1,0
448100,1,1,0
448099,1,1,0
447631,1,0,1
447330,1,1,0
447310,1,1,0
446884,1,1,0
446602,1,1,0
446551,1,1,0
446448,1,1,0
446330,1,1,0
446116,1,0,1
445823,1,1,0
445677,1,1,0
445550,1,0,1
445520,1,1,0
445456,1,0,1
445330,1,1,0
445324,1,1,0
445318,1,1,0
445314,1,1,0
445311,1,1,0
445271,1,1,0
445232,1,1,0
445117,1,1,0
445112,1,1,0
445008,1,1,0
445006,1,1,0
444915,1,0,1
444819,1,1,0
444780,1,1,0
444728,1,1,0
444727,1,1,0
444715,1,1,0
444713,1,1,0
444666,1,0,1
444613,1,1,0
444560,1,1,0
444552,1,1,0
444518,1,1,0
444509,1,1,0
444450,1,1,0
444410,1,1,0
444207,1,1,0
444130,1,1,0
444123,1,1,0
444055,1,1,0
444050,1,1,0
444016,1,1,0
444008,1,1,0
443606,1,1,0
443406,1,0,1
443405,1,1,0
443333,1,1,0
443111,1,0,1
443110,1,1,0
443004,1,0,1
443003,1,1,0
442740,1,1,0
442700,1,1,0
442609,1,1,0
442601,1,1,0
442509,1,1,0
442443,1,1,0
442407,1,1,0
442311,1,1,0
442309,1,1,0
442212,1,1,0
442206,1,1,0
442204,1,1,0
442153,1,0,1
442116,1,1,0
442113,1,1,0
442111,1,1,0
442008,1,1,0
442004,1,1,0
441921,1,0,1
441918,1,1,0
441881,1,1,0
441770,1,1,0
441619,1,0,1
441609,1,1,0
441510,1,1,0
441482,1,1,0
441420,1,1,0
441309,1,0,1
441244,1,1,0
441234,1,1,0
441216,1,1,0
441133,1,1,0
441128,1,1,0
441119,1,1,0
441116,1,0,1
441011,1,0,1
440905,1,1,0
440882,1,1,0
440401,1,1,0
440330,1,1,0
440052,1,0,1
440038,1,0,1
440028,1,0,1
440000,1,0,1
438332,1,1,0
438100,1,1,0
437995,1,0,1
437660,1,0,1
437335,1,0,1
437112,1,1,0
436343,1,1,0
436335,1,1,0
435331,1,0,1
435330,1,0,1
434884,1,1,0
434426,1,1,0
434305,1,1,0
434304,1,1,0
434301,1,1,0
434228,1,1,0
434204,1,1,0
433703,1,1,0
433532,1,1,0
433501,1,1,0
433443,1,1,0
433336,1,1,0
433331,1,1,0
433229,1,1,0
433113,1,0,1
433112,1,0,1
433110,1,1,0
433001,1,0,1
432527,1,1,0
432345,1,0,1
432315,1,1,0
432222,1,1,0
432211,1,0,1
432123,1,0,1
432112,1,0,1
432111,1,1,0
432103,1,0,1
431771,1,1,0
431748,1,1,0
431735,1,1,0
431613,1,1,0
431612,1,1,0
431609,1,0,1
431552,1,0,1
431535,1,1,0
431531,1,1,0
431415,1,0,1
431221,1,1,0
431218,1,1,0
431200,1,0,1
431160,1,1,0
431149,1,1,0
431141,1,1,0
431028,1,1,0
431022,1,1,0
431016,1,1,0
431011,1,0,1
430401,1,1,0
430330,1,1,0
430201,1,1,0
430120,1,0,1
430032,1,1,0
430005,1,0,1
429429,1,0,1
428253,1,1,0
428236,1,1,0
428111,1,1,0
427002,1,1,0
427001,1,0,1
426416,1,1,0
426229,1,1,0
426038,1,0,1
425605,1,0,1
425519,1,1,0
425511,1,1,0
425510,1,1,0
425454,1,1,0
425425,1,1,0
425370,1,0,1
425352,1,1,0
425321,1,1,0
425318,1,1,0
425215,1,1,0
425205,1,1,0
425204,1,1,0
425200,1,0,1
425120,1,1,0
425036,1,1,0
425015,1,1,0
425011,1,0,1
425009,1,0,1
425007,1,1,0
424500,1,1,0
424410,1,1,0
424400,1,0,1
424320,1,1,0
424143,1,1,0
424123,1,1,0
424110,1,0,1
424003,1,0,1
424000,1,1,0
423705,1,1,0
423608,1,1,0
423525,1,0,1
423523,1,1,0
423506,1,1,0
423453,1,0,1
423313,1,1,0
423215,1,1,0
423211,1,0,1
423129,1,0,1
423113,1,1,0
422852,1,0,1
422617,1,1,0
422501,1,1,0
422447,1,0,1
422420,1,0,1
422410,1,1,0
422405,1,1,0
422246,1,1,0
422221,1,1,0
422125,1,1,0
422016,1,1,0
421616,1,0,1
421609,1,1,0
421608,1,0,1
421607,1,0,1
421520,1,1,0
421519,1,1,0
421409,1,1,0
421309,1,1,0
421123,1,1,0
421121,1,0,1
421118,1,0,1
421112,1,1,0
421010,1,0,1
420301,1,0,1
420003,1,0,1
419702,1,1,0
416538,1,1,0
416530,1,1,0
416421,1,1,0
416352,1,1,0
416320,1,1,0
416117,1,1,0
416059,1,1,0
416014,1,0,1
416000,1,1,0
415950,1,0,1
415902,1,1,0
415667,1,1,0
415580,1,1,0
415529,1,1,0
415454,1,0,1
415418,1,1,0
415416,1,1,0
415345,1,1,0
415339,1,0,1
415314,1,1,0
415223,1,1,0
415139,1,0,1
415118,1,1,0
415052,1,1,0
415039,1,1,0
415009,1,1,0
415000,1,1,0
414547,1,0,1
414525,1,1,0
414516,1,1,0
414515,1,0,1
414405,1,1,0
414230,1,1,0
414207,1,1,0
414110,1,1,0
414000,1,1,0
413909,1,1,0
413815,1,1,0
413790,1,0,1
413660,1,1,0
413630,1,1,0
413622,1,1,0
413555,1,1,0
413546,1,1,0
413537,1,1,0
413432,1,1,0
413430,1,0,1
413416,1,0,1
413407,1,0,1
413259,1,1,0
413247,1,1,0
413245,1,1,0
413237,1,1,0
413233,1,1,0
413149,1,1,0
413126,1,0,1
413119,1,0,1
413031,1,1,0
413029,1,1,0
413024,1,0,1
413000,1,1,0
412735,1,1,0
412726,1,1,0
412506,1,1,0
412243,1,0,1
412062,1,1,0
412026,1,0,1
412021,1,1,0
412010,1,0,1
412008,1,0,1
412003,1,1,0
411910,1,1,0
411905,1,1,0
411881,1,1,0
411807,1,1,0
411801,1,1,0
411703,1,1,0
411667,1,1,0
411601,1,1,0
411412,1,1,0
411235,1,1,0
411226,1,1,0
411155,1,1,0
411130,1,1,0
411121,1,1,0
411104,1,0,1
411067,1,1,0
411065,1,0,1
411029,1,0,1
411010,1,0,1
410602,1,1,0
410411,1,0,1
410409,1,1,0
410407,1,1,0
410305,1,1,0
410304,1,0,1
410109,1,1,0
410102,1,1,0
410036,1,1,0
410035,1,1,0
410022,1,1,0
410002,1,0,1
408901,1,1,0
408701,1,1,0
408334,1,1,0
408301,1,1,0
408006,1,1,0
407601,1,1,0
407405,1,1,0
406801,1,1,0
406718,1,0,1
406661,1,1,0
406445,1,0,1
406304,1,1,0
406121,1,0,1
406001,1,1,0
405689,1,0,1
405107,1,1,0
405001,1,1,0
404651,1,1,0
404581,1,0,1
404560,1,0,1
404501,1,0,1
404305,1,1,0
404243,1,1,0
403731,1,1,0
403725,1,1,0
403724,1,1,0
403717,1,1,0
403541,1,0,1
403518,1,0,1
403443,1,1,0
403302,1,1,0
403206,1,1,0
403119,1,0,1
403112,1,1,0
403109,1,1,0
402802,1,1,0
402601,1,1,0
402409,1,1,0
402208,1,0,1
402126,1,0,1
402042,1,0,1
402030,1,0,1
402009,1,1,0
402002,1,1,0
401511,1,1,0
401309,1,0,1
401306,1,1,0
401148,1,1,0
401117,1,0,1
400881,1,0,1
400618,1,0,1
400512,1,1,0
400409,1,1,0
400107,1,0,1
400085,1,0,1
400048,1,0,1
400046,1,0,1
400041,1,1,0
400032,1,1,0
400023,1,1,0
400021,1,0,1
400000,1,0,1
399260,1,0,1
398350,1,1,0
398043,1,1,0
396791,1,0,1
396612,1,1,0
396591,1,1,0
396511,1,1,0
396340,1,1,0
396239,1,1,0
396166,1,0,1
396160,1,1,0
396159,1,1,0
396112,1,1,0
396025,1,0,1
396012,1,1,0
396006,1,1,0
396004,1,1,0
395625,1,0,1
395125,1,1,0
395101,1,0,1
394776,1,1,0
394713,1,1,0
394683,1,1,0
394648,1,1,0
394643,1,1,0
394638,1,1,0
394617,1,1,0
394610,1,0,1
394599,1,0,1
394515,1,1,0
394505,1,1,0
394455,1,0,1
394429,1,1,0
394420,1,1,0
394363,1,1,0
394244,1,1,0
394165,1,1,0
394021,1,0,1
393930,1,1,0
393750,1,1,0
393131,1,1,0
393121,1,1,0
393112,1,1,0
393012,1,1,0
393003,1,1,0
392231,1,1,0
392215,1,0,1
392161,1,1,0
392131,1,0,1
392127,1,1,0
392111,1,1,0
392100,1,1,0
392065,1,1,0
392021,1,1,0
392004,1,0,1
392000,1,0,1
391816,1,1,0
391710,1,0,1
391570,1,1,0
391550,1,1,0
391535,1,1,0
391507,1,1,0
391446,1,1,0
391400,1,1,0
391346,1,1,0
391336,1,1,0
391241,1,1,0
391136,1,1,0
391109,1,1,0
391007,1,1,0
390008,1,1,0
389710,1,1,0
389540,1,1,0
389383,1,1,0
389375,1,1,0
389325,1,0,1
389323,1,1,0
389293,1,0,1
389213,1,1,0
389191,1,1,0
389150,1,1,0
389145,1,1,0
389142,1,1,0
389141,1,0,1
389135,1,1,0
389080,1,1,0
388913,1,1,0
388825,1,1,0
388750,1,1,0
388717,1,1,0
388626,1,1,0
388507,1,1,0
388461,1,1,0
388321,1,1,0
388316,1,0,1
388300,1,0,1
388236,1,1,0
388206,1,1,0
388131,1,1,0
388121,1,1,0
387666,1,1,0
387515,1,1,0
387221,1,1,0
387020,1,0,1
385646,1,1,0
385645,1,0,1
385563,1,1,0
385501,1,1,0
385430,1,0,1
385429,1,1,0
385335,1,1,0
385333,1,1,0
385300,1,1,0
385222,1,0,1
385155,1,1,0
385112,1,1,0
385060,1,0,1
385012,1,1,0
384771,1,0,1
384585,1,1,0
384512,1,0,1
384465,1,1,0
384455,1,1,0
384450,1,1,0
384445,1,1,0
384375,1,1,0
384364,1,1,0
384312,1,1,0
384292,1,1,0
384291,1,1,0
384273,1,1,0
384270,1,1,0
384256,1,1,0
384239,1,1,0
384235,1,1,0
384228,1,1,0
384227,1,1,0
384207,1,1,0
384178,1,1,0
384172,1,1,0
384153,1,1,0
384115,1,1,0
383990,1,1,0
383980,1,1,0
383912,1,1,0
383575,1,1,0
383560,1,1,0
383546,1,1,0
383428,1,1,0
383351,1,1,0
383253,1,1,0
383241,1,1,0
383222,1,1,0
383212,1,1,0
383211,1,1,0
383204,1,0,1
383152,1,0,1
383123,1,0,1
383020,1,1,0
383012,1,0,1
383008,1,1,0
383006,1,1,0
382874,1,1,0
382862,1,1,0
382781,1,0,1
382712,1,1,0
382656,1,0,1
382645,1,0,1
382621,1,1,0
382536,1,0,1
382530,1,0,1
382525,1,0,1
382454,1,0,1
382441,1,1,0
382416,1,0,1
382408,1,0,1
382407,1,0,1
382402,1,0,1
382310,1,1,0
382259,1,0,1
382256,1,1,0
382215,1,0,1
382141,1,0,1
382116,1,1,0
382045,1,1,0
382032,1,0,1
382010,1,1,0
382008,1,0,1
381256,1,0,1
381232,1,0,1
381160,1,1,0
381010,1,0,1
380555,1,1,0
380310,1,1,0
380062,1,0,1
380038,1,1,0
380012,1,0,1
378210,1,1,0
375340,1,0,1
374810,1,0,1
374001,1,0,1
373808,1,1,0
373308,1,1,0
373303,1,1,0
373161,1,0,1
373015,1,1,0
372720,1,1,0
372024,1,0,1
372001,1,1,0
371710,1,1,0
371312,1,1,0
371170,1,1,0
370765,1,1,0
370635,1,1,0
370590,1,1,0
370424,1,0,1
370306,1,1,0
370230,1,1,0
370204,1,0,1
370170,1,1,0
370132,1,0,1
370015,1,0,1
370010,1,1,0
370004,1,0,1
369265,1,1,0
369220,1,1,0
369142,1,1,0
369126,1,1,0
369001,1,0,1
368650,1,0,1
366560,1,1,0
366555,1,1,0
366505,1,0,1
366441,1,1,0
366401,1,1,0
365662,1,1,0
365632,1,1,0
365621,1,1,0
365556,1,1,0
365554,1,1,0
365490,1,0,1
365465,1,0,1
365420,1,0,1
365330,1,1,0
365254,1,0,1
364970,1,1,0
364655,1,1,0
364651,1,0,1
364602,1,0,1
364601,1,1,0
364580,1,1,0
364565,1,1,0
364314,1,1,0
364312,1,0,1
364298,1,1,0
364200,1,0,1
364190,1,1,0
364042,1,1,0
364020,1,1,0
363820,1,1,0
363690,1,1,0
363668,1,1,0
363623,1,0,1
363615,1,1,0
363603,1,1,0
363420,1,1,0
363416,1,1,0
363350,1,1,0
363241,1,0,1
363201,1,0,1
363138,1,1,0
363023,1,0,1
362715,1,0,1
362624,1,1,0
362561,1,0,1
362551,1,1,0
362541,1,1,0
362425,1,1,0
362322,1,1,0
362286,1,1,0
362279,1,0,1
362221,1,1,0
362210,1,0,1
362152,1,1,0
362115,1,0,1
362075,1,1,0
362021,1,1,0
361820,1,1,0
361760,1,1,0
361339,1,1,0
361337,1,1,0
361322,1,1,0
361142,1,0,1
361135,1,0,1
361134,1,0,1
361108,1,0,1
361101,1,1,0
361003,1,1,0
360757,1,1,0
360532,1,1,0
360516,1,1,0
360501,1,1,0
360160,1,0,1
360061,1,0,1
360011,1,1,0
359365,1,0,1
359190,1,1,0
358845,1,1,0
357993,1,0,1
356898,1,1,0
356454,1,0,1
356413,1,1,0
355704,1,1,0
355601,1,1,0
355555,1,1,0
355530,1,0,1
355360,1,1,0
355330,1,0,1
354526,1,1,0
354001,1,1,0
353510,1,1,0
353501,1,0,1
353231,1,0,1
352525,1,1,0
351115,1,1,0
350510,1,0,1
350005,1,1,0
347704,1,1,0
347023,1,0,1
346736,1,1,0
346435,1,1,0
346421,1,0,1
346173,1,1,0
346002,1,0,1
345402,1,1,0
345304,1,0,1
345101,1,1,0
345063,1,0,1
345008,1,0,1
344754,1,1,0
344720,1,1,0
344707,1,1,0
344444,1,1,0
344411,1,1,0
344407,1,1,0
344404,1,1,0
344301,1,1,0
344265,1,1,0
344081,1,1,0
344048,1,0,1
344047,1,1,0
344020,1,0,1
344008,1,1,0
343725,1,1,0
343723,1,0,1
343601,1,1,0
343506,1,1,0
343462,1,1,0
343422,1,1,0
343203,1,0,1
343201,1,1,0
343130,1,1,0
343044,1,0,1
343037,1,0,1
343008,1,0,1
342850,1,1,0
342739,1,1,0
342609,1,1,0
342608,1,0,1
342526,1,0,1
342505,1,1,0
342466,1,1,0
342421,1,1,0
342320,1,1,0
342255,1,1,0
342201,1,1,0
342180,1,1,0
342016,1,1,0
341703,1,0,1
341541,1,1,0
341534,1,0,1
341287,1,0,1
341203,1,1,0
341145,1,0,1
341131,1,1,0
341117,1,1,0
341011,1,0,1
336052,1,0,1
335706,1,0,1
335535,1,1,0
335508,1,0,1
335059,1,1,0
335057,1,1,0
335055,1,1,0
335042,1,1,0
334605,1,1,0
334203,1,0,1
334048,1,1,0
334033,1,0,1
334031,1,1,0
334008,1,1,0
333517,1,1,0
333407,1,1,0
333355,1,1,0
333333,1,0,1
333221,1,0,1
333039,1,0,1
333015,1,1,0
333014,1,1,0
332801,1,1,0
332745,1,1,0
332740,1,1,0
332732,1,0,1
332731,1,1,0
332724,1,1,0
332704,1,0,1
332647,1,0,1
332605,1,0,1
332455,1,1,0
332433,1,0,1
332421,1,1,0
332407,1,0,1
332329,1,1,0
332240,1,1,0
332218,1,1,0
332211,1,1,0
332205,1,1,0
332204,1,1,0
332132,1,0,1
332121,1,0,1
332039,1,1,0
332034,1,0,1
332018,1,0,1
332016,1,0,1
331706,1,1,0
331607,1,1,0
331511,1,1,0
331365,1,1,0
331312,1,0,1
331033,1,1,0
330423,1,1,0
330223,1,1,0
330182,1,0,1
330022,1,1,0
328803,1,1,0
328331,1,1,0
328121,1,1,0
328081,1,1,0
328037,1,1,0
328035,1,1,0
328013,1,1,0
328002,1,1,0
327624,1,1,0
327076,1,1,0
327030,1,0,1
327002,1,1,0
326566,1,0,1
326536,1,1,0
326532,1,1,0
326521,1,0,1
326507,1,1,0
326500,1,1,0
326333,1,1,0
326026,1,1,0
325666,1,1,0
325625,1,1,0
325566,1,0,1
325441,1,0,1
325260,1,0,1
325225,1,0,1
325037,1,1,0
324405,1,0,1
324172,1,1,0
324155,1,1,0
324032,1,1,0
324011,1,0,1
323712,1,1,0
323605,1,0,1
323439,1,1,0
323302,1,1,0
323231,1,0,1
323221,1,0,1
323211,1,0,1
323132,1,0,1
323037,1,1,0
322624,1,1,0
322616,1,1,0
322503,1,1,0
322461,1,0,1
322426,1,0,1
322335,1,0,1
322332,1,0,1
322322,1,0,1
322253,1,0,1
322247,1,1,0
322239,1,1,0
322231,1,1,0
322209,1,1,0
322102,1,0,1
322036,1,1,0
322032,1,1,0
322022,1,1,0
322014,1,0,1
322002,1,1,0
321645,1,1,0
321636,1,0,1
321620,1,0,1
321515,1,0,1
321312,1,0,1
321304,1,1,0
321261,1,1,0
321245,1,0,1
321224,1,1,0
321223,1,1,0
321208,1,1,0
321013,1,1,0
321012,1,1,0
321002,1,0,1
320624,1,0,1
320603,1,0,1
320601,1,0,1
320206,1,0,1
319801,1,1,0
319770,1,1,0
316301,1,1,0
315758,1,1,0
315312,1,1,0
315025,1,1,0
314901,1,1,0
314806,1,1,0
314704,1,1,0
314556,1,1,0
314044,1,1,0
314005,1,1,0
314004,1,1,0
314002,1,1,0
313907,1,1,0
313806,1,1,0
313711,1,1,0
313625,1,1,0
313606,1,1,0
313406,1,1,0
313231,1,0,1
313224,1,1,0
313223,1,1,0
313121,1,0,1
313120,1,1,0
313090,1,1,0
313058,1,1,0
313036,1,1,0
313023,1,1,0
312836,1,1,0
312705,1,1,0
312627,1,1,0
312617,1,0,1
312235,1,1,0
312221,1,1,0
312213,1,0,1
312110,1,0,1
312030,1,0,1
311812,1,0,1
311411,1,1,0
311326,1,0,1
311321,1,0,1
311318,1,1,0
311316,1,0,1
311304,1,0,1
311303,1,1,0
311206,1,0,1
311165,1,1,0
311101,1,1,0
311100,1,0,1
311080,1,1,0
310802,1,1,0
310801,1,0,1
309733,1,0,1
309302,1,1,0
308029,1,1,0
308025,1,0,1
307402,1,0,1
307202,1,1,0
307021,1,1,0
306621,1,0,1
306522,1,1,0
306512,1,1,0
306201,1,1,0
306128,1,0,1
306106,1,1,0
306065,1,1,0
305823,1,1,0
305818,1,1,0
305817,1,1,0
305631,1,1,0
305429,1,1,0
305151,1,1,0
305073,1,1,0
305051,1,0,1
305030,1,1,0
305027,1,1,0
304807,1,0,1
304704,1,1,0
304548,1,0,1
304201,1,1,0
304035,1,1,0
304034,1,1,0
304020,1,0,1
304005,1,0,1
303906,1,1,0
303808,1,1,0
303716,1,1,0
303703,1,1,0
303606,1,1,0
303425,1,1,0
303412,1,1,0
303405,1,1,0
303341,1,1,0
303309,1,0,1
303222,1,1,0
303205,1,0,1
303202,1,0,1
303201,1,1,0
303145,1,1,0
303121,1,0,1
303033,1,1,0
303027,1,1,0
303026,1,1,0
303025,1,1,0
303021,1,0,1
303017,1,0,1
303015,1,1,0
303011,1,1,0
303010,1,0,1
302801,1,1,0
302619,1,1,0
302570,1,1,0
302504,1,1,0
302202,1,0,1
302201,1,0,1
302055,1,0,1
302043,1,1,0
302010,1,1,0
302007,1,1,0
302000,1,0,1
301610,1,1,0
301445,1,1,0
301419,1,1,0
301321,1,0,1
301201,1,0,1
301034,1,1,0
301016,1,1,0
301012,1,0,1
300901,1,1,0
300216,1,1,0
300011,1,0,1
300008,1,0,1
300004,1,0,1
299277,1,1,0
298613,1,0,1
298009,1,0,1
296730,1,0,1
296625,1,1,0
295208,1,1,0
294500,1,1,0
294125,1,1,0
294103,1,1,0
293213,1,0,1
293152,1,1,0
292907,1,1,0
292902,1,1,0
292727,1,1,0
292603,1,1,0
292030,1,1,0
291319,1,0,1
291246,1,1,0
291243,1,0,1
291222,1,0,1
291135,1,0,1
291101,1,0,1
290503,1,0,1
290180,1,1,0
290003,1,1,0
288260,1,0,1
288130,1,1,0
288123,1,1,0
288001,1,0,1
287771,1,0,1
287441,1,1,0
286226,1,1,0
286206,1,0,1
286001,1,1,0
285565,1,1,0
285401,1,0,1
285306,1,1,0
285301,1,0,1
285261,1,1,0
285252,1,1,0
285220,1,1,0
285207,1,1,0
285180,1,1,0
285152,1,1,0
285147,1,1,0
285142,1,0,1
285021,1,0,1
285010,1,1,0
285005,1,0,1
285004,1,1,0
285003,1,1,0
285002,1,0,1
284521,1,1,0
284503,1,0,1
284441,1,1,0
284416,1,0,1
284414,1,0,1
284320,1,1,0
284315,1,0,1
284265,1,1,0
284234,1,1,0
284151,1,1,0
284147,1,0,1
284141,1,0,1
284133,1,1,0
284132,1,1,0
284131,1,0,1
284113,1,1,0
284110,1,1,0
284101,1,0,1
283525,1,1,0
283440,1,1,0
283331,1,1,0
283312,1,1,0
283311,1,1,0
283252,1,0,1
283231,1,1,0
283228,1,1,0
283221,1,0,1
283211,1,1,0
283156,1,0,1
283147,1,1,0
283129,1,1,0
283030,1,0,1
283025,1,0,1
283024,1,1,0
283015,1,0,1
282931,1,1,0
282624,1,1,0
282450,1,0,1
282448,1,1,0
282431,1,1,0
282421,1,1,0
282330,1,0,1
282305,1,1,0
282301,1,0,1
282215,1,0,1
282206,1,1,0
282201,1,1,0
282178,1,1,0
282152,1,0,1
282151,1,0,1
282126,1,1,0
282123,1,1,0
282118,1,1,0
282113,1,1,0
282104,1,1,0
282102,1,1,0
282025,1,1,0
282024,1,0,1
282021,1,0,1
282020,1,1,0
282018,1,0,1
282000,1,0,1
281944,1,0,1
281801,1,1,0
281520,1,0,1
281505,1,0,1
281352,1,0,1
281312,1,0,1
281155,1,0,1
281128,1,0,1
281126,1,1,0
281112,1,1,0
281103,1,1,0
280999,1,1,0
280997,1,1,0
280884,1,1,0
280551,1,1,0
280401,1,0,1
280215,1,1,0
280031,1,0,1
280021,1,1,0
280010,1,0,1
280009,1,0,1
280007,1,0,1
280004,1,1,0
279401,1,1,0
278572,1,0,1
278501,1,1,0
278189,1,1,0
278182,1,0,1
277714,1,1,0
277663,1,0,1
277603,1,1,0
277405,1,1,0
277330,1,0,1
277313,1,0,1
277299,1,1,0
277217,1,0,1
277171,1,0,1
277127,1,1,0
277101,1,1,0
277023,1,0,1
277009,1,0,1
277004,1,1,0
277002,1,0,1
276912,1,0,1
276905,1,1,0
276769,1,1,0
276761,1,1,0
276738,1,1,0
276734,1,0,1
276732,1,0,1
276729,1,1,0
276727,1,1,0
276701,1,0,1
276606,1,0,1
276602,1,1,0
276545,1,1,0
276504,1,1,0
276503,1,1,0
276502,1,1,0
276501,1,0,1
276431,1,1,0
276429,1,1,0
276408,1,1,0
276325,1,1,0
276283,1,1,0
276228,1,0,1
276213,1,0,1
276200,1,1,0
276188,1,1,0
276171,1,1,0
276164,1,1,0
276161,1,0,1
276119,1,0,1
276101,1,1,0
276004,1,1,0
275961,1,1,0
275904,1,0,1
275901,1,1,0
275881,1,1,0
275865,1,0,1
275805,1,0,1
275676,1,0,1
275645,1,1,0
275605,1,0,1
275504,1,0,1
275503,1,0,1
275430,1,0,1
275403,1,1,0
275401,1,1,0
275250,1,0,1
275222,1,1,0
275221,1,1,0
275200,1,0,1
275153,1,1,0
275125,1,1,0
275030,1,0,1
275025,1,0,1
275020,1,0,1
275010,1,0,1
275004,1,0,1
275003,1,1,0
275002,1,0,1
274806,1,1,0
274805,1,0,1
274803,1,1,0
274606,1,1,0
274551,1,0,1
274530,1,0,1
274525,1,1,0
274507,1,0,1
274342,1,0,1
274316,1,1,0
274249,1,1,0
274120,1,1,0
274104,1,0,1
274103,1,1,0
274072,1,0,1
274024,1,0,1
274008,1,0,1
274003,1,1,0
273774,1,1,0
273758,1,0,1
273707,1,1,0
273706,1,0,1
273704,1,0,1
273641,1,1,0
273606,1,1,0
273602,1,1,0
273601,1,0,1
273501,1,0,1
273452,1,0,1
273421,1,0,1
273416,1,1,0
273410,1,0,1
273361,1,1,0
273353,1,1,0
273351,1,0,1
273322,1,0,1
273314,1,0,1
273261,1,1,0
273252,1,1,0
273240,1,0,1
273232,1,1,0
273226,1,1,0
273221,1,1,0
273210,1,1,0
273206,1,0,1
273169,1,0,1
273166,1,1,0
273160,1,1,0
273159,1,1,0
273156,1,0,1
273137,1,1,0
273133,1,1,0
273131,1,1,0
273125,1,0,1
273120,1,1,0
273118,1,1,0
273115,1,1,0
273113,1,1,0
273112,1,1,0
273105,1,1,0
273046,1,1,0
273029,1,0,1
273022,1,1,0
273018,1,1,0
273000,1,1,0
272913,1,0,1
272871,1,1,0
272764,1,1,0
272752,1,1,0
272661,1,0,1
272637,1,0,1
272626,1,0,1
272603,1,0,1
272601,1,1,0
272595,1,0,1
272489,1,1,0
272482,1,0,1
272475,1,1,0
272453,1,1,0
272422,1,1,0
272421,1,1,0
272413,1,1,0
272408,1,0,1
272349,1,1,0
272321,1,0,1
272312,1,1,0
272262,1,1,0
272253,1,0,1
272227,1,0,1
272226,1,1,0
272211,1,0,1
272198,1,1,0
272183,1,1,0
272174,1,1,0
272169,1,1,0
272168,1,1,0
272157,1,1,0
272138,1,1,0
272116,1,1,0
272115,1,1,0
272110,1,1,0
272106,1,1,0
272103,1,1,0
272052,1,0,1
272009,1,1,0
272003,1,1,0
271925,1,1,0
271907,1,1,0
271905,1,0,1
271895,1,1,0
271891,1,1,0
271878,1,1,0
271862,1,0,1
271856,1,1,0
271846,1,1,0
271844,1,0,1
271832,1,1,0
271829,1,1,0
271827,1,1,0
271823,1,1,0
271822,1,1,0
271812,1,1,0
271810,1,1,0
271709,1,1,0
271707,1,1,0
271629,1,0,1
271616,1,0,1
271615,1,0,1
271582,1,0,1
271501,1,0,1
271413,1,1,0
271412,1,1,0
271409,1,1,0
271399,1,0,1
271373,1,1,0
271353,1,1,0
271323,1,1,0
271292,1,0,1
271265,1,1,0
271252,1,1,0
271230,1,1,0
271222,1,0,1
271212,1,1,0
271200,1,0,1
271174,1,0,1
271173,1,0,1
271130,1,1,0
271121,1,1,0
271120,1,1,0
271115,1,1,0
271103,1,0,1
271101,1,0,1
271032,1,1,0
271024,1,1,0
271021,1,1,0
271016,1,1,0
271012,1,0,1
271007,1,1,0
271004,1,1,0
270840,1,0,1
270801,1,1,0
270624,1,1,0
270524,1,0,1
270504,1,0,1
270205,1,1,0
270204,1,1,0
270128,1,0,1
270120,1,1,0
270101,1,1,0
270071,1,1,0
270037,1,1,0
270034,1,1,0
270033,1,1,0
270013,1,0,1
269203,1,1,0
268882,1,1,0
267865,1,1,0
267665,1,1,0
267662,1,0,1
267656,1,1,0
267301,1,0,1
266726,1,0,1
266701,1,1,0
266651,1,1,0
266551,1,1,0
266510,1,0,1
266501,1,0,1
266428,1,1,0
266403,1,1,0
266304,1,1,0
266302,1,0,1
266301,1,0,1
266202,1,0,1
266201,1,1,0
266111,1,0,1
266008,1,1,0
265443,1,0,1
265411,1,1,0
265252,1,1,0
265080,1,1,0
264341,1,1,0
264310,1,1,0
264176,1,1,0
264152,1,0,1
263888,1,1,0
263878,1,1,0
263687,1,1,0
263648,1,1,0
263604,1,0,1
263545,1,1,0
263435,1,1,0
263410,1,0,1
263400,1,0,1
263332,1,0,1
263301,1,0,1
263188,1,0,1
263185,1,1,0
263169,1,0,1
263156,1,1,0
263142,1,0,1
263131,1,1,0
263122,1,1,0
263101,1,1,0
263048,1,0,1
263014,1,1,0
263011,1,0,1
263000,1,1,0
262988,1,1,0
262931,1,1,0
262824,1,1,0
262808,1,0,1
262807,1,1,0
262713,1,1,0
262709,1,1,0
262706,1,1,0
262705,1,1,0
262626,1,0,1
262621,1,1,0
262601,1,0,1
262571,1,1,0
262563,1,1,0
262556,1,1,0
262519,1,1,0
262509,1,1,0
262462,1,1,0
262411,1,1,0
262404,1,0,1
262268,1,1,0
262262,1,1,0
262212,1,0,1
262145,1,1,0
262139,1,0,1
262126,1,1,0
262040,1,0,1
262021,1,1,0
262000,1,0,1
261522,1,1,0
261515,1,1,0
261200,1,0,1
261105,1,0,1
261102,1,1,0
261013,1,0,1
261004,1,1,0
260906,1,1,0
260902,1,1,0
260405,1,0,1
260215,1,0,1
260210,1,1,0
260131,1,1,0
259501,1,0,1
258963,1,1,0
258745,1,1,0
258741,1,0,1
258412,1,1,0
258118,1,0,1
257777,1,1,0
257775,1,0,1
257773,1,1,0
256914,1,0,1
256763,1,1,0
256661,1,1,0
256585,1,0,1
256489,1,0,1
256481,1,1,0
256321,1,0,1
256314,1,0,1
256303,1,1,0
256230,1,0,1
256152,1,1,0
256010,1,0,1
255614,1,0,1
255403,1,1,0
255331,1,0,1
254821,1,0,1
254672,1,0,1
254654,1,0,1
254623,1,1,0
254612,1,1,0
254562,1,0,1
254455,1,0,1
254352,1,0,1
254256,1,0,1
254253,1,0,1
254225,1,0,1
254203,1,1,0
254165,1,1,0
254152,1,0,1
254121,1,0,1
254116,1,0,1
254050,1,0,1
254002,1,1,0
254001,1,1,0
253641,1,1,0
253451,1,0,1
253435,1,1,0
253342,1,1,0
253151,1,0,1
253150,1,1,0
253136,1,1,0
253020,1,0,1
252826,1,1,0
252802,1,1,0
252680,1,1,0
252648,1,1,0
252647,1,1,0
252633,1,0,1
252632,1,0,1
252625,1,0,1
252619,1,1,0
252562,1,0,1
252560,1,0,1
252554,1,1,0
252523,1,1,0
252521,1,0,1
252514,1,1,0
252509,1,0,1
252431,1,0,1
252424,1,1,0
252412,1,0,1
252326,1,1,0
252126,1,0,1
252123,1,1,0
252108,1,0,1
252102,1,0,1
251855,1,1,0
251544,1,0,1
251457,1,1,0
251436,1,0,1
251426,1,1,0
251421,1,0,1
251413,1,0,1
251406,1,1,0
251326,1,0,1
251304,1,1,0
251254,1,0,1
251232,1,1,0
251215,1,1,0
251214,1,1,0
251146,1,1,0
251125,1,0,1
251115,1,1,0
251114,1,0,1
251110,1,0,1
251000,1,0,1
250808,1,0,1
250633,1,1,0
250632,1,0,1
250627,1,0,1
250608,1,0,1
250603,1,0,1
250600,1,1,0
250360,1,1,0
250356,1,0,1
250351,1,0,1
250350,1,1,0
250349,1,1,0
250343,1,1,0
250332,1,1,0
250262,1,1,0
250257,1,1,0
250253,1,1,0
250244,1,0,1
250211,1,0,1
250140,1,1,0
250135,1,1,0
250111,1,0,1
250012,1,0,1
250011,1,1,0
250000,1,1,0
249815,1,1,0
249808,1,0,1
249749,1,1,0
249718,1,1,0
249663,1,0,1
249637,1,0,1
249504,1,0,1
249467,1,1,0
249411,1,0,1
249409,1,1,0
249261,1,1,0
249237,1,0,1
249231,1,0,1
249182,1,1,0
249142,1,1,0
249129,1,1,0
249103,1,0,1
249100,1,1,0
249002,1,0,1
248900,1,1,0
248597,1,1,0
248204,1,1,0
248203,1,0,1
248191,1,1,0
248188,1,0,1
248181,1,0,1
248180,1,1,0
248148,1,1,0
248126,1,1,0
248112,1,0,1
248101,1,0,1
248097,1,1,0
248044,1,1,0
248015,1,0,1
247856,1,0,1
247779,1,0,1
247754,1,1,0
247677,1,0,1
247673,1,1,0
247657,1,0,1
247655,1,1,0
247646,1,0,1
247631,1,1,0
247623,1,1,0
247605,1,1,0
247585,1,1,0
247541,1,1,0
247530,1,1,0
247501,1,1,0
247461,1,0,1
247459,1,0,1
247455,1,0,1
247454,1,1,0
247449,1,0,1
247443,1,0,1
247432,1,1,0
247403,1,1,0
247401,1,0,1
247351,1,0,1
247346,1,1,0
247321,1,0,1
247310,1,1,0
247302,1,0,1
247251,1,0,1
247242,1,1,0
247169,1,1,0
247152,1,0,1
247151,1,1,0
247135,1,1,0
247131,1,0,1
247125,1,1,0
247100,1,1,0
247040,1,0,1
247012,1,1,0
247004,1,0,1
247000,1,0,1
246949,1,1,0
246930,1,1,0
246903,1,1,0
246855,1,0,1
246834,1,0,1
246833,1,0,1
246796,1,1,0
246776,1,0,1
246744,1,1,0
246743,1,1,0
246739,1,1,0
246705,1,0,1
246703,1,0,1
246662,1,1,0
246595,1,1,0
246545,1,1,0
246489,1,1,0
246477,1,0,1
246466,1,1,0
246437,1,1,0
246342,1,0,1
246325,1,1,0
246303,1,1,0
246262,1,0,1
246222,1,0,1
246217,1,1,0
246212,1,1,0
246200,1,0,1
246188,1,1,0
246152,1,1,0
246139,1,1,0
246134,1,1,0
246132,1,1,0
246126,1,1,0
246119,1,1,0
246060,1,0,1
246046,1,0,1
246041,1,0,1
246038,1,0,1
246031,1,0,1
246030,1,0,1
246026,1,0,1
246019,1,0,1
246014,1,0,1
246010,1,0,1
246008,1,0,1
246002,1,0,1
245871,1,1,0
245852,1,1,0
245789,1,0,1
245746,1,1,0
245678,1,0,1
245662,1,1,0
245656,1,1,0
245632,1,0,1
245626,1,0,1
245512,1,0,1
245452,1,1,0
245451,1,0,1
245407,1,1,0
245366,1,0,1
245333,1,0,1
245307,1,0,1
245305,1,1,0
245303,1,1,0
245300,1,1,0
245246,1,0,1
245203,1,1,0
245200,1,0,1
245163,1,0,1
245133,1,0,1
245120,1,0,1
245110,1,1,0
245069,1,0,1
245041,1,0,1
245021,1,0,1
245002,1,0,1
244952,1,0,1
244946,1,1,0
244910,1,1,0
244909,1,1,0
244903,1,1,0
244751,1,0,1
244705,1,0,1
244704,1,0,1
244703,1,1,0
244702,1,1,0
244649,1,1,0
244566,1,0,1
244551,1,1,0
244506,1,0,1
244505,1,1,0
244475,1,0,1
244451,1,0,1
244435,1,1,0
244419,1,1,0
244416,1,0,1
244405,1,1,0
244400,1,0,1
244325,1,0,1
244323,1,1,0
244306,1,1,0
244296,1,1,0
244234,1,1,0
244230,1,1,0
244213,1,0,1
244204,1,0,1
244186,1,0,1
244158,1,1,0
244155,1,0,1
244141,1,1,0
244118,1,1,0
244061,1,0,1
244041,1,1,0
244011,1,1,0
244010,1,1,0
243901,1,0,1
243761,1,0,1
243734,1,0,1
243728,1,1,0
243708,1,1,0
243703,1,0,1
243702,1,1,0
243651,1,1,0
243625,1,1,0
243620,1,0,1
243606,1,0,1
243602,1,1,0
243540,1,1,0
243537,1,1,0
243536,1,1,0
243526,1,0,1
243524,1,0,1
243508,1,0,1
243451,1,1,0
243423,1,1,0
243413,1,0,1
243412,1,1,0
243405,1,0,1
243326,1,1,0
243307,1,1,0
243300,1,1,0
243263,1,1,0
243212,1,1,0
243165,1,0,1
243163,1,1,0
243153,1,0,1
243125,1,1,0
243124,1,0,1
243104,1,0,1
243103,1,1,0
243101,1,1,0
243091,1,1,0
243032,1,1,0
243026,1,0,1
243023,1,1,0
242726,1,0,1
242724,1,0,1
242723,1,0,1
242716,1,1,0
242712,1,0,1
242707,1,1,0
242685,1,1,0
242631,1,0,1
242625,1,0,1
242610,1,1,0
242564,1,1,0
242541,1,1,0
242527,1,1,0
242525,1,1,0
242524,1,0,1
242523,1,0,1
242520,1,0,1
242512,1,0,1
242511,1,1,0
242501,1,0,1
242475,1,1,0
242422,1,1,0
242411,1,1,0
242410,1,1,0
242403,1,1,0
242400,1,1,0
242342,1,0,1
242327,1,0,1
242309,1,0,1
242308,1,1,0
242304,1,0,1
242213,1,0,1
242207,1,1,0
242203,1,1,0
242175,1,0,1
242126,1,1,0
242125,1,1,0
242122,1,0,1
242121,1,1,0
242107,1,1,0
242102,1,0,1
242024,1,0,1
242022,1,1,0
242003,1,0,1
242002,1,1,0
241980,1,0,1
241955,1,1,0
241904,1,1,0
241886,1,1,0
241872,1,1,0
241855,1,1,0
241841,1,1,0
241777,1,0,1
241715,1,0,1
241613,1,1,0
241586,1,1,0
241553,1,0,1
241546,1,1,0
241541,1,1,0
241536,1,1,0
241520,1,1,0
241516,1,1,0
241408,1,1,0
241364,1,1,0
241223,1,1,0
241222,1,1,0
241118,1,1,0
241113,1,0,1
241013,1,1,0
241012,1,0,1
241005,1,1,0
241003,1,0,1
241000,1,1,0
240663,1,1,0
240622,1,0,1
240617,1,1,0
240561,1,1,0
240554,1,1,0
240404,1,0,1
240403,1,1,0
240320,1,0,1
240305,1,1,0
240229,1,1,0
240210,1,1,0
240201,1,1,0
240154,1,1,0
240125,1,1,0
240071,1,0,1
240011,1,1,0
239568,1,1,0
239410,1,1,0
239021,1,0,1
238125,1,1,0
237601,1,1,0
236411,1,0,1
236366,1,1,0
236363,1,0,1
236304,1,1,0
236193,1,1,0
236140,1,0,1
236139,1,1,0
236137,1,1,0
236136,1,1,0
236121,1,1,0
235698,1,0,1
235659,1,0,1
235653,1,1,0
235647,1,1,0
235467,1,1,0
235462,1,1,0
235232,1,0,1
235204,1,0,1
235203,1,0,1
234819,1,1,0
234814,1,1,0
234633,1,0,1
234562,1,1,0
234502,1,1,0
234271,1,1,0
234156,1,1,0
234052,1,1,0
234008,1,1,0
234006,1,0,1
233908,1,0,1
233803,1,1,0
233776,1,0,1
233721,1,0,1
233653,1,1,0
233625,1,1,0
233624,1,1,0
233623,1,1,0
233619,1,1,0
233334,1,1,0
233327,1,1,0
233322,1,0,1
233321,1,0,1
233312,1,0,1
233252,1,0,1
233247,1,0,1
233217,1,0,1
233213,1,0,1
233204,1,0,1
233203,1,0,1
233164,1,1,0
233162,1,1,0
233161,1,1,0
233157,1,1,0
233136,1,0,1
233131,1,1,0
233123,1,1,0
233121,1,1,0
233061,1,0,1
233035,1,0,1
233033,1,0,1
233021,1,0,1
233017,1,0,1
233015,1,0,1
233009,1,0,1
233000,1,1,0
232602,1,1,0
232536,1,0,1
232527,1,0,1
232526,1,0,1
232521,1,1,0
232453,1,1,0
232425,1,1,0
232335,1,1,0
232324,1,0,1
232307,1,0,1
232304,1,0,1
232301,1,1,0
232233,1,1,0
232231,1,0,1
232228,1,1,0
232227,1,0,1
232226,1,1,0
232223,1,0,1
232222,1,1,0
232216,1,1,0
232202,1,0,1
232201,1,0,1
232123,1,1,0
232100,1,1,0
232016,1,0,1
232014,1,1,0
232002,1,1,0
231911,1,0,1
231655,1,1,0
231654,1,1,0
231566,1,1,0
231546,1,1,0
231541,1,1,0
231523,1,0,1
231455,1,0,1
231410,1,1,0
231316,1,0,1
231315,1,1,0
231300,1,0,1
231227,1,1,0
231132,1,1,0
231129,1,0,1
231110,1,1,0
231106,1,1,0
231007,1,0,1
231006,1,1,0
231004,1,1,0
230801,1,0,1
230605,1,0,1
230601,1,1,0
230600,1,1,0
230507,1,0,1
230424,1,1,0
230408,1,0,1
230407,1,0,1
230331,1,0,1
230241,1,1,0
230227,1,0,1
230225,1,1,0
230223,1,1,0
230208,1,1,0
230200,1,0,1
230195,1,1,0
230169,1,0,1
230147,1,0,1
230133,1,0,1
230122,1,1,0
230120,1,0,1
230111,1,0,1
230022,1,1,0
230005,1,0,1
229904,1,1,0
229902,1,1,0
229870,1,0,1
229869,1,1,0
229821,1,0,1
229804,1,1,0
229724,1,1,0
229616,1,1,0
229606,1,1,0
229603,1,0,1
229567,1,1,0
229566,1,1,0
229551,1,0,1
229509,1,1,0
229484,1,0,1
229420,1,1,0
229418,1,0,1
229407,1,1,0
229313,1,0,1
229222,1,0,1
229221,1,1,0
229192,1,0,1
229120,1,1,0
229102,1,1,0
229041,1,1,0
229033,1,0,1
229032,1,1,0
229025,1,0,1
229024,1,0,1
229021,1,1,0
229020,1,1,0
229012,1,0,1
229011,1,1,0
229008,1,1,0
229002,1,0,1
228801,1,1,0
228541,1,0,1
228532,1,1,0
228421,1,0,1
228375,1,1,0
228359,1,0,1
228321,1,1,0
228245,1,1,0
228223,1,1,0
228214,1,1,0
228183,1,0,1
228177,1,1,0
228165,1,1,0
228162,1,0,1
228157,1,0,1
228128,1,1,0
228124,1,0,1
228122,1,0,1
228113,1,1,0
228106,1,1,0
228103,1,0,1
228102,1,0,1
227819,1,1,0
227803,1,1,0
227771,1,0,1
227718,1,1,0
227701,1,0,1
227611,1,0,1
227604,1,1,0
227509,1,1,0
227502,1,1,0
227422,1,0,1
227403,1,1,0
227393,1,1,0
227310,1,1,0
227303,1,0,1
227211,1,0,1
227210,1,1,0
227201,1,1,0
227171,1,0,1
227127,1,1,0
227117,1,0,1
227106,1,1,0
227104,1,0,1
227001,1,1,0
226896,1,0,1
226874,1,0,1
226854,1,0,1
226827,1,1,0
226811,1,0,1
226803,1,1,0
226798,1,1,0
226789,1,0,1
226785,1,1,0
226778,1,0,1
226760,1,0,1
226701,1,0,1
226665,1,0,1
226655,1,0,1
226604,1,0,1
226580,1,0,1
226569,1,0,1
226534,1,0,1
226523,1,0,1
226521,1,0,1
226504,1,0,1
226459,1,0,1
226457,1,1,0
226312,1,0,1
226307,1,0,1
226296,1,0,1
226288,1,1,0
226287,1,0,1
226269,1,0,1
226259,1,0,1
226258,1,0,1
226255,1,0,1
226252,1,1,0
226250,1,0,1
226245,1,0,1
226236,1,1,0
226228,1,0,1
226223,1,0,1
226215,1,0,1
226214,1,0,1
226193,1,1,0
226120,1,0,1
226094,1,0,1
226091,1,0,1
226085,1,0,1
226080,1,0,1
226077,1,0,1
226071,1,1,0
226070,1,0,1
226059,1,1,0
226049,1,0,1
226048,1,1,0
226046,1,0,1
226037,1,0,1
226000,1,0,1
225904,1,0,1
225829,1,1,0
225615,1,1,0
225606,1,1,0
225525,1,0,1
225451,1,1,0
225441,1,0,1
225440,1,0,1
225433,1,0,1
225425,1,1,0
225424,1,1,0
225419,1,1,0
225345,1,1,0
225312,1,1,0
225307,1,0,1
225263,1,1,0
225241,1,1,0
225232,1,1,0
225222,1,1,0
225220,1,1,0
225219,1,1,0
225155,1,0,1
225154,1,1,0
225151,1,1,0
225142,1,1,0
225141,1,1,0
225130,1,1,0
225127,1,1,0
225117,1,0,1
225115,1,1,0
225114,1,0,1
225112,1,1,0
225102,1,1,0
225012,1,0,1
225009,1,1,0
225005,1,1,0
225002,1,1,0
224926,1,1,0
224922,1,1,0
224916,1,1,0
224911,1,1,0
224820,1,1,0
224819,1,1,0
224721,1,1,0
224506,1,0,1
224489,1,1,0
224481,1,0,1
224430,1,1,0
224413,1,0,1
224412,1,1,0
224411,1,1,0
224407,1,1,0
224354,1,0,1
224332,1,0,1
224322,1,1,0
224305,1,1,0
224290,1,0,1
224281,1,1,0
224277,1,1,0
224276,1,0,1
224263,1,1,0
224253,1,1,0
224247,1,1,0
224245,1,1,0
224240,1,1,0
224239,1,0,1
224233,1,0,1
224219,1,1,0
224218,1,1,0
224199,1,1,0
224198,1,0,1
224191,1,0,1
224180,1,1,0
224178,1,0,1
224175,1,1,0
224162,1,1,0
224160,1,1,0
224156,1,0,1
224140,1,1,0
224136,1,1,0
224134,1,0,1
224130,1,0,1
224112,1,0,1
224107,1,1,0
224103,1,1,0
224101,1,0,1
224031,1,1,0
224014,1,1,0
224012,1,0,1
224010,1,0,1
224000,1,1,0
223741,1,1,0
223702,1,1,0
223661,1,1,0
223323,1,0,1
223312,1,1,0
223307,1,0,1
223305,1,1,0
223300,1,0,1
223263,1,0,1
223215,1,1,0
223181,1,0,1
223150,1,1,0
223141,1,0,1
223131,1,0,1
223122,1,0,1
223109,1,0,1
223108,1,1,0
223106,1,0,1
223100,1,0,1
223020,1,1,0
222950,1,0,1
222922,1,1,0
222816,1,1,0
222801,1,1,0
222791,1,0,1
222741,1,1,0
222704,1,0,1
222701,1,0,1
222653,1,1,0
222644,1,1,0
222628,1,0,1
222621,1,0,1
222563,1,0,1
222522,1,1,0
222521,1,1,0
222503,1,1,0
222458,1,0,1
222446,1,1,0
222441,1,1,0
222427,1,0,1
222418,1,0,1
222417,1,0,1
222415,1,1,0
222411,1,1,0
222410,1,1,0
222405,1,1,0
222402,1,0,1
222369,1,0,1
222363,1,0,1
222338,1,0,1
222333,1,0,1
222331,1,0,1
222326,1,1,0
222324,1,1,0
222323,1,1,0
222313,1,0,1
222306,1,0,1
222300,1,0,1
222262,1,0,1
222223,1,0,1
222221,1,1,0
222216,1,0,1
222213,1,0,1
222209,1,1,0
222194,1,0,1
222193,1,0,1
222191,1,1,0
222189,1,0,1
222188,1,0,1
222184,1,1,0
222178,1,1,0
222173,1,1,0
222168,1,0,1
222167,1,1,0
222164,1,0,1
222163,1,1,0
222159,1,1,0
222118,1,1,0
222100,1,0,1
222062,1,1,0
222056,1,1,0
222033,1,0,1
222023,1,1,0
222022,1,0,1
222021,1,1,0
222020,1,0,1
222019,1,0,1
222017,1,0,1
222014,1,0,1
222013,1,0,1
222011,1,1,0
222004,1,1,0
221959,1,1,0
221941,1,0,1
221807,1,1,0
221775,1,0,1
221742,1,0,1
221672,1,0,1
221617,1,0,1
221581,1,1,0
221536,1,1,0
221530,1,0,1
221526,1,1,0
221525,1,0,1
221520,1,1,0
221518,1,1,0
221517,1,0,1
221511,1,1,0
221504,1,0,1
221459,1,1,0
221432,1,1,0
221431,1,0,1
221413,1,0,1
221412,1,0,1
221410,1,1,0
221408,1,0,1
221321,1,0,1
221294,1,0,1
221291,1,1,0
221260,1,0,1
221245,1,1,0
221233,1,0,1
221213,1,0,1
221194,1,1,0
221126,1,0,1
221120,1,1,0
221117,1,0,1
221114,1,1,0
221100,1,0,1
221091,1,1,0
221060,1,1,0
221054,1,0,1
221052,1,1,0
221044,1,1,0
221040,1,0,1
221022,1,1,0
221012,1,0,1
220931,1,1,0
220818,1,0,1
220745,1,1,0
220622,1,0,1
220601,1,1,0
220545,1,1,0
220516,1,1,0
220511,1,1,0
220504,1,0,1
220502,1,1,0
220501,1,1,0
220444,1,1,0
220401,1,1,0
220333,1,0,1
220303,1,0,1
220240,1,1,0
220230,1,0,1
220221,1,1,0
220203,1,0,1
220162,1,0,1
220152,1,0,1
220129,1,0,1
220125,1,1,0
220123,1,1,0
220121,1,1,0
220113,1,0,1
220102,1,1,0
220065,1,0,1
220021,1,1,0
220020,1,1,0
220015,1,0,1
220014,1,1,0
220011,1,1,0
219731,1,1,0
218199,1,1,0
218121,1,1,0
218001,1,1,0
217776,1,0,1
217131,1,0,1
217044,1,0,1
216663,1,0,1
216545,1,1,0
216221,1,0,1
216208,1,0,1
216191,1,1,0
216129,1,1,0
216127,1,0,1
216103,1,1,0
215663,1,1,0
215478,1,1,0
215464,1,0,1
215454,1,1,0
215410,1,0,1
215241,1,0,1
215236,1,0,1
215132,1,1,0
215126,1,1,0
215101,1,0,1
214633,1,1,0
214589,1,0,1
214563,1,1,0
214556,1,0,1
214302,1,1,0
214156,1,1,0
213757,1,1,0
213541,1,1,0
213502,1,1,0
213260,1,1,0
213252,1,1,0
213206,1,1,0
213123,1,0,1
213121,1,1,0
213001,1,1,0
212730,1,1,0
212634,1,1,0
212626,1,1,0
212617,1,0,1
212606,1,1,0
212604,1,0,1
212602,1,1,0
212566,1,1,0
212565,1,0,1
212564,1,1,0
212527,1,1,0
212515,1,0,1
212512,1,0,1
212408,1,1,0
212365,1,0,1
212331,1,0,1
212323,1,0,1
212322,1,0,1
212320,1,0,1
212315,1,0,1
212309,1,1,0
212265,1,0,1
212262,1,1,0
212252,1,0,1
212243,1,1,0
212242,1,1,0
212200,1,1,0
212179,1,1,0
212154,1,1,0
212135,1,1,0
212134,1,0,1
212133,1,1,0
212130,1,0,1
212128,1,0,1
212115,1,0,1
212112,1,0,1
212059,1,0,1
212052,1,0,1
212031,1,0,1
212024,1,0,1
212023,1,0,1
212022,1,0,1
212002,1,1,0
211831,1,0,1
211601,1,0,1
211512,1,1,0
211502,1,0,1
211425,1,0,1
211422,1,1,0
211323,1,0,1
211313,1,0,1
211312,1,0,1
211305,1,0,1
211265,1,0,1
211252,1,0,1
211233,1,0,1
211218,1,1,0
211211,1,1,0
211208,1,1,0
211205,1,1,0
211204,1,0,1
211203,1,0,1
211123,1,0,1
211107,1,0,1
210740,1,1,0
210642,1,1,0
210503,1,1,0
210500,1,1,0
210420,1,0,1
210419,1,0,1
210407,1,1,0
210345,1,1,0
210323,1,1,0
210306,1,0,1
210302,1,1,0
210286,1,1,0
210252,1,0,1
210224,1,1,0
210216,1,1,0
210131,1,0,1
210127,1,1,0
210122,1,1,0
210112,1,0,1
210110,1,1,0
210101,1,1,0
210066,1,0,1
210010,1,0,1
210002,1,0,1
209930,1,1,0
209905,1,0,1
209903,1,1,0
209901,1,1,0
209894,1,0,1
209890,1,1,0
209889,1,1,0
209888,1,1,0
209877,1,1,0
209860,1,0,1
209853,1,1,0
209837,1,1,0
209829,1,1,0
209822,1,1,0
209815,1,1,0
209804,1,1,0
209794,1,0,1
209792,1,0,1
209765,1,0,1
209748,1,0,1
209737,1,1,0
209730,1,1,0
209718,1,1,0
209703,1,1,0
209702,1,1,0
209686,1,1,0
209629,1,1,0
209627,1,0,1
209626,1,0,1
209581,1,0,1
209565,1,0,1
209541,1,0,1
209525,1,1,0
209507,1,1,0
209490,1,1,0
209456,1,1,0
209400,1,1,0
209336,1,1,0
209334,1,1,0
209321,1,1,0
209319,1,0,1
209318,1,1,0
209316,1,1,0
209315,1,0,1
209243,1,1,0
209215,1,1,0
209212,1,1,0
209200,1,0,1
209175,1,1,0
209135,1,0,1
209130,1,0,1
209118,1,1,0
209109,1,1,0
209107,1,1,0
209104,1,1,0
209102,1,1,0
209081,1,1,0
209080,1,0,1
209070,1,1,0
209067,1,1,0
209033,1,1,0
209032,1,1,0
209030,1,1,0
209025,1,1,0
209014,1,1,0
209011,1,1,0
208931,1,1,0
208927,1,0,1
208925,1,1,0
208859,1,0,1
208555,1,1,0
208533,1,1,0
208532,1,1,0
208523,1,1,0
208307,1,1,0
208217,1,0,1
208209,1,0,1
208202,1,1,0
208125,1,1,0
208103,1,1,0
208096,1,0,1
208095,1,0,1
208094,1,0,1
208091,1,1,0
208061,1,1,0
208032,1,0,1
208031,1,0,1
208030,1,0,1
207902,1,0,1
207810,1,1,0
207801,1,1,0
207749,1,1,0
207603,1,1,0
207523,1,0,1
207442,1,0,1
207421,1,1,0
207347,1,1,0
207343,1,1,0
207328,1,1,0
207308,1,0,1
207304,1,0,1
207300,1,1,0
207251,1,1,0
207240,1,1,0
207228,1,0,1
207222,1,1,0
207212,1,1,0
207206,1,0,1
207205,1,0,1
207201,1,0,1
207147,1,1,0
207144,1,0,1
207143,1,1,0
207142,1,0,1
207140,1,1,0
207127,1,1,0
207112,1,1,0
207104,1,0,1
207101,1,1,0
207050,1,0,1
207030,1,1,0
207029,1,1,0
207023,1,0,1
207009,1,0,1
206974,1,1,0
206920,1,0,1
206902,1,0,1
206801,1,1,0
206728,1,1,0
206725,1,0,1
206704,1,1,0
206601,1,0,1
206598,1,1,0
206541,1,0,1
206412,1,1,0
206403,1,1,0
206232,1,1,0
206231,1,0,1
206213,1,0,1
206203,1,0,1
206202,1,1,0
206201,1,1,0
206193,1,0,1
206147,1,0,1
206146,1,1,0
206142,1,1,0
206102,1,1,0
206050,1,0,1
206026,1,0,1
206025,1,0,1
206023,1,0,1
206009,1,1,0
205965,1,1,0
205929,1,1,0
205912,1,1,0
205864,1,1,0
205859,1,0,1
205833,1,1,0
205806,1,1,0
205720,1,1,0
205681,1,1,0
205632,1,1,0
205612,1,1,0
205428,1,1,0
205421,1,0,1
205412,1,0,1
205411,1,1,0
205404,1,0,1
205363,1,1,0
205305,1,0,1
205253,1,1,0
205250,1,1,0
205216,1,1,0
205212,1,0,1
205209,1,0,1
205205,1,1,0
205202,1,1,0
205201,1,0,1
205183,1,1,0
205157,1,0,1
205109,1,0,1
205103,1,0,1
205101,1,1,0
205062,1,0,1
205044,1,0,1
205018,1,1,0
204752,1,0,1
204742,1,1,0
204604,1,0,1
204602,1,0,1
204578,1,1,0
204551,1,1,0
204521,1,1,0
204512,1,1,0
204511,1,0,1
204423,1,0,1
204401,1,1,0
204315,1,0,1
204309,1,0,1
204303,1,0,1
204302,1,1,0
204245,1,1,0
204243,1,1,0
204221,1,0,1
204209,1,1,0
204204,1,0,1
204202,1,1,0
204156,1,1,0
204141,1,0,1
204139,1,1,0
204124,1,1,0
204113,1,0,1
204111,1,0,1
204104,1,1,0
204103,1,0,1
203901,1,1,0
203851,1,0,1
203803,1,0,1
203802,1,0,1
203801,1,1,0
203739,1,0,1
203706,1,0,1
203702,1,1,0
203696,1,1,0
203655,1,1,0
203630,1,1,0
203584,1,1,0
203561,1,1,0
203536,1,1,0
203526,1,1,0
203507,1,1,0
203506,1,0,1
203503,1,1,0
203501,1,1,0
203333,1,0,1
203306,1,0,1
203253,1,1,0
203235,1,0,1
203204,1,1,0
203191,1,1,0
203139,1,0,1
203137,1,1,0
203127,1,0,1
203121,1,1,0
203105,1,0,1
203092,1,0,1
203030,1,1,0
203015,1,0,1
203013,1,0,1
203012,1,1,0
202901,1,1,0
202744,1,1,0
202727,1,1,0
202724,1,0,1
202722,1,1,0
202702,1,0,1
202701,1,0,1
202642,1,0,1
202633,1,1,0
202628,1,1,0
202601,1,0,1
202524,1,1,0
202521,1,0,1
202504,1,0,1
202444,1,0,1
202441,1,1,0
202421,1,0,1
202408,1,0,1
202407,1,1,0
202302,1,1,0
202223,1,0,1
202216,1,1,0
202210,1,1,0
202205,1,0,1
202204,1,0,1
202203,1,1,0
202189,1,1,0
202180,1,1,0
202161,1,0,1
202152,1,0,1
202151,1,0,1
202103,1,0,1
202101,1,0,1
202092,1,1,0
202042,1,1,0
202032,1,0,1
202025,1,0,1
202009,1,0,1
202000,1,1,0
201948,1,0,1
201840,1,0,1
201825,1,1,0
201802,1,0,1
201801,1,0,1
201716,1,0,1
201601,1,1,0
201512,1,0,1
201507,1,1,0
201450,1,1,0
201444,1,0,1
201441,1,1,0
201426,1,1,0
201424,1,1,0
201405,1,1,0
201403,1,0,1
201355,1,0,1
201300,1,1,0
201267,1,1,0
201248,1,0,1
201245,1,1,0
201240,1,1,0
201217,1,1,0
201216,1,1,0
201211,1,1,0
201210,1,1,0
201145,1,1,0
201120,1,0,1
201111,1,1,0
201110,1,0,1
201106,1,0,1
201044,1,0,1
201043,1,1,0
201022,1,1,0
201017,1,0,1
200930,1,1,0
200907,1,0,1
200902,1,1,0
200871,1,0,1
200802,1,0,1
200771,1,0,1
200713,1,1,0
200611,1,0,1
200604,1,1,0
200600,1,1,0
200502,1,1,0
200501,1,1,0
200406,1,0,1
200405,1,0,1
200401,1,1,0
200360,1,1,0
200252,1,0,1
200124,1,1,0
200104,1,0,1
200100,1,0,1
200082,1,0,1
200081,1,1,0
200000,1,1,0
198616,1,1,0
198612,1,1,0
195132,1,0,1
195130,1,0,1
195114,1,1,0
194321,1,1,0
194148,1,1,0
193701,1,1,0
193511,1,1,0
193509,1,0,1
193508,1,1,0
193403,1,0,1
193392,1,1,0
193332,1,1,0
193321,1,1,0
193234,1,1,0
193231,1,1,0
193203,1,1,0
193132,1,1,0
193131,1,1,0
193106,1,0,1
193104,1,1,0
193033,1,1,0
193003,1,1,0
192424,1,1,0
192333,1,0,1
192332,1,1,0
192321,1,1,0
192222,1,1,0
192204,1,1,0
192153,1,0,1
192031,1,0,1
191460,1,1,0
191400,1,1,0
191380,1,1,0
191350,1,1,0
191340,1,1,0
191213,1,1,0
191211,1,1,0
191120,1,1,0
190330,1,1,0
190070,1,0,1
190000,1,0,1
188201,1,0,1
188114,1,0,1
187052,1,1,0
186157,1,0,1
186115,1,1,0
185318,1,1,0
185311,1,0,1
185250,1,1,0
185236,1,1,0
185214,1,1,0
185159,1,0,1
185105,1,1,0
185001,1,1,0
184321,1,1,0
184243,1,1,0
183990,1,1,0
183770,1,1,0
183515,1,1,0
183132,1,1,0
183123,1,0,1
183115,1,1,0
182521,1,1,0
182314,1,0,1
182208,1,1,0
182160,1,1,0
182117,1,1,0
182114,1,1,0
182005,1,1,0
181882,1,1,0
181871,1,1,0
181672,1,1,0
181554,1,1,0
181521,1,1,0
181142,1,0,1
181140,1,1,0
181105,1,1,0
181020,1,1,0
181012,1,1,0
181006,1,0,1
180450,1,1,0
180221,1,1,0
180020,1,0,1
179114,1,0,1
178504,1,1,0
177502,1,1,0
177405,1,1,0
177303,1,0,1
177239,1,1,0
177177,1,1,0
177120,1,1,0
177102,1,1,0
177002,1,0,1
176829,1,0,1
176773,1,1,0
176661,1,1,0
176563,1,0,1
176562,1,0,1
176407,1,1,0
176305,1,1,0
176223,1,1,0
176220,1,1,0
176160,1,0,1
176130,1,1,0
176072,1,0,1
176067,1,1,0
176034,1,0,1
176013,1,0,1
176005,1,1,0
175723,1,1,0
175215,1,1,0
175074,1,1,0
175058,1,1,0
175053,1,1,0
175000,1,1,0
174400,1,1,0
174313,1,1,0
174205,1,0,1
174064,1,1,0
174014,1,1,0
173320,1,1,0
173216,1,0,1
173203,1,1,0
173056,1,1,0
173050,1,1,0
173014,1,0,1
173002,1,1,0
173000,1,1,0
172194,1,1,0
172124,1,0,1
172011,1,1,0
172000,1,1,0
171855,1,1,0
171625,1,0,1
171523,1,1,0
171506,1,0,1
171408,1,1,0
171312,1,1,0
171306,1,0,1
171236,1,0,1
171014,1,1,0
170456,1,1,0
170023,1,1,0
170012,1,1,0
170006,1,1,0
166553,1,0,1
165677,1,1,0
164110,1,1,0
163625,1,1,0
160180,1,1,0
160103,1,1,0
160061,1,1,0
160046,1,0,1
160043,1,0,1
160041,1,1,0
160035,1,1,0
160034,1,1,0
160032,1,1,0
160018,1,0,1
160016,1,1,0
160008,1,1,0
159159,1,1,0
158001,1,0,1
157887,1,0,1
155544,1,1,0
155445,1,1,0
155201,1,1,0
154511,1,0,1
153115,1,0,1
152526,1,0,1
152302,1,0,1
152121,1,1,0
151556,1,1,0
151115,1,1,0
149852,1,1,0
148222,1,1,0
147453,1,0,1
146776,1,1,0
146176,1,0,1
146149,1,0,1
145454,1,0,1
145413,1,0,1
145236,1,0,1
144302,1,0,1
144106,1,0,1
142701,1,1,0
142536,1,0,1
141906,1,1,0
141884,1,0,1
141768,1,1,0
141515,1,0,1
141512,1,0,1
141405,1,0,1
141322,1,1,0
141228,1,0,1
141212,1,0,1
140660,1,1,0
140470,1,1,0
140050,1,1,0
136170,1,1,0
136029,1,1,0
135121,1,1,0
135006,1,1,0
134560,1,1,0
134302,1,1,0
134119,1,0,1
134103,1,1,0
134012,1,0,1
133645,1,1,0
133207,1,0,1
133135,1,1,0
133007,1,0,1
133003,1,0,1
132654,1,1,0
132625,1,1,0
132201,1,0,1
132155,1,1,0
132150,1,1,0
132136,1,0,1
132119,1,1,0
132051,1,1,0
132026,1,1,0
132003,1,0,1
131708,1,1,0
131702,1,0,1
131321,1,0,1
131312,1,0,1
131309,1,1,0
131232,1,0,1
131212,1,1,0
131211,1,0,1
131100,1,0,1
131031,1,0,1
131010,1,0,1
130406,1,1,0
130310,1,0,1
130102,1,1,0
130022,1,1,0
130001,1,1,0
129933,1,1,0
129310,1,1,0
127171,1,1,0
127141,1,0,1
127036,1,0,1
127033,1,1,0
127024,1,0,1
127011,1,1,0
127010,1,0,1
126554,1,0,1
126138,1,1,0
126100,1,1,0
126011,1,1,0
126010,1,1,0
125746,1,0,1
125705,1,0,1
125645,1,0,1
125525,1,1,0
125454,1,0,1
125126,1,0,1
125123,1,0,1
125036,1,1,0
125035,1,0,1
125021,1,1,0
125009,1,1,0
125002,1,0,1
124565,1,0,1
124524,1,0,1
124510,1,0,1
124424,1,0,1
124422,1,1,0
124420,1,1,0
124408,1,0,1
124203,1,1,0
124164,1,0,1
124159,1,1,0
124041,1,0,1
124003,1,1,0
124002,1,1,0
123546,1,0,1
123457,1,0,1
123454,1,1,0
123404,1,0,1
123321,1,0,1
123305,1,0,1
123233,1,1,0
123201,1,1,0
123113,1,0,1
123111,1,1,0
123104,1,0,1
123054,1,0,1
123012,1,0,1
122656,1,1,0
122401,1,1,0
122322,1,1,0
122311,1,1,0
122170,1,1,0
122126,1,1,0
122121,1,0,1
122114,1,0,1
122111,1,1,0
122098,1,1,0
122081,1,0,1
122019,1,0,1
122012,1,0,1
122009,1,0,1
122008,1,0,1
121715,1,0,1
121711,1,1,0
121545,1,0,1
121521,1,1,0
121515,1,0,1
121514,1,0,1
121413,1,0,1
121406,1,0,1
121321,1,0,1
121254,1,0,1
121231,1,0,1
121230,1,0,1
121215,1,1,0
121205,1,1,0
121123,1,0,1
121114,1,0,1
121111,1,1,0
121109,1,0,1
121012,1,0,1
121011,1,0,1
120603,1,1,0
120080,1,1,0
120018,1,0,1
120015,1,0,1
118833,1,1,0
118521,1,1,0
118512,1,1,0
118152,1,1,0
115604,1,1,0
115201,1,1,0
114566,1,1,0
114006,1,0,1
112141,1,1,0
111311,1,1,0
111221,1,0,1
111118,1,1,0
110570,1,1,0
110360,1,1,0
110017,1,0,1
108401,1,1,0
106301,1,1,0
105705,1,0,1
105402,1,1,0
105262,1,1,0
105233,1,1,0
105132,1,1,0
103516,1,0,1
103501,1,1,0
102303,1,0,1
101265,1,1,0
101207,1,1,0
100850,1,1,0
100702,1,1,0
100302,1,0,1
100170,1,0,1
100107,1,0,1
100102,1,1,0
100010,1,0,1
